====================================================
u_pulso, SNBN, SNJJ, c1 y c2
====================================================

Para t=0 y t=2, c1 y c2 solo se calculan con u_pulso.
Para t=10,20,30,40, c1 y c2 se calculan con u_pulso, SNBN y SNJJ.

####################################################
# t = 0
####################################################

----- u_pulso -----
       x            u            c1            c2
    0.500000       1.000000       1.000033       0.000033
    1.500000       1.000000       1.000033       0.000033
    2.500000       1.000000       1.000033       0.000033
    3.500000       1.000000       1.000033       0.000033
    4.500000       1.000000       1.000033       0.000033
    5.500000       1.000000       1.000033       0.000033
    6.500000       1.000000       1.000033       0.000033
    7.500000       1.000000       1.000033       0.000033
    8.500000       1.000000       1.000033       0.000033
    9.500000       1.000000       1.000033       0.000033
   10.500000     200.000000     200.000000       0.000000
   11.500000       1.000000       1.000033       0.000033
   12.500000       1.000000       1.000033       0.000033
   13.500000       1.000000       1.000033       0.000033
   14.500000       1.000000       1.000033       0.000033
   15.500000       1.000000       1.000033       0.000033
   16.500000       1.000000       1.000033       0.000033
   17.500000       1.000000       1.000033       0.000033
   18.500000       1.000000       1.000033       0.000033
   19.500000       1.000000       1.000033       0.000033
   20.500000       1.000000       1.000033       0.000033
   21.500000       1.000000       1.000033       0.000033
   22.500000       1.000000       1.000033       0.000033
   23.500000       1.000000       1.000033       0.000033
   24.500000       1.000000       1.000033       0.000033
   25.500000       1.000000       1.000033       0.000033
   26.500000       1.000000       1.000033       0.000033
   27.500000       1.000000       1.000033       0.000033
   28.500000       1.000000       1.000033       0.000033
   29.500000       1.000000       1.000033       0.000033

####################################################
# t = 2
####################################################

----- u_pulso -----
       x            u            c1            c2
    0.500000       1.000000       1.000033       0.000033
    1.500000       1.000000       1.000033       0.000033
    2.500000       1.000000       1.000033       0.000033
    3.500000       1.000000       1.000033       0.000033
    4.500000       1.000033       1.000066       0.000033
    5.500000       1.001707       1.001740       0.000033
    6.500000       1.046858       1.046889       0.000031
    7.500000       1.688572       1.688591       0.000020
    8.500000       6.416038       6.416043       0.000005
    9.500000      23.802370      23.802371       0.000001
   10.500000      52.385934      52.385935       0.000001
   11.500000      62.983268      62.983268       0.000001
   12.500000      41.019406      41.019406       0.000001
   13.500000      14.830337      14.830339       0.000002
   14.500000       3.558355       3.558364       0.000009
   15.500000       1.253311       1.253338       0.000026
   16.500000       1.013425       1.013458       0.000033
   17.500000       1.000381       1.000414       0.000033
   18.500000       1.000006       1.000039       0.000033
   19.500000       1.000000       1.000033       0.000033
   20.500000       1.000000       1.000033       0.000033
   21.500000       1.000000       1.000033       0.000033
   22.500000       1.000000       1.000033       0.000033
   23.500000       1.000000       1.000033       0.000033
   24.500000       1.000000       1.000033       0.000033
   25.500000       1.000000       1.000033       0.000033
   26.500000       1.000000       1.000033       0.000033
   27.500000       1.000000       1.000033       0.000033
   28.500000       1.000000       1.000033       0.000033
   29.500000       1.000000       1.000033       0.000033

####################################################
# t = 10
####################################################

----- u_pulso -----
       x            u            c1            c2
    0.500000       1.000134       1.000167       0.000033
    1.500000       1.000726       1.000759       0.000033
    2.500000       1.003464       1.003497       0.000033
    3.500000       1.014584       1.014616       0.000032
    4.500000       1.054185       1.054216       0.000031
    5.500000       1.177665       1.177693       0.000028
    6.500000       1.514091       1.514113       0.000022
    7.500000       2.312778       2.312792       0.000014
    8.500000       3.958391       3.958399       0.000008
    9.500000       6.883463       6.883468       0.000005
   10.500000      11.325799      11.325802       0.000003
   11.500000      16.992910      16.992912       0.000002
   12.500000      22.859717      22.859718       0.000001
   13.500000      27.367851      27.367853       0.000001
   14.500000      29.068432      29.068433       0.000001
   15.500000      27.367851      27.367853       0.000001
   16.500000      22.859717      22.859718       0.000001
   17.500000      16.992910      16.992912       0.000002
   18.500000      11.325799      11.325802       0.000003
   19.500000       6.883463       6.883468       0.000005
   20.500000       3.958391       3.958399       0.000008
   21.500000       2.312778       2.312792       0.000014
   22.500000       1.514091       1.514113       0.000022
   23.500000       1.177665       1.177693       0.000028
   24.500000       1.054185       1.054216       0.000031
   25.500000       1.014584       1.014616       0.000032
   26.500000       1.003464       1.003497       0.000033
   27.500000       1.000726       1.000759       0.000033
   28.500000       1.000134       1.000167       0.000033
   29.500000       1.000022       1.000055       0.000033

----- SNBN -----
       x            u            c1            c2
    0.500000       1.001587       1.001619       0.000033
    1.500000       1.003940       1.003973       0.000033
    2.500000       1.012063       1.012096       0.000033
    3.500000       1.036295       1.036327       0.000032
    4.500000       1.104243       1.104272       0.000030
    5.500000       1.283198       1.283223       0.000026
    6.500000       1.721123       1.721142       0.000019
    7.500000       2.701949       2.701961       0.000012
    8.500000       4.672246       4.672253       0.000007
    9.500000       8.125277       8.125281       0.000004
   10.500000      13.205114      13.205117       0.000002
   11.500000      19.149112      19.149114       0.000002
   12.500000      24.277851      24.277852       0.000001
   13.500000      26.815321      26.815322       0.000001
   14.500000      26.342545      26.342547       0.000001
   15.500000      23.787962      23.787963       0.000001
   16.500000      19.595955      19.595957       0.000002
   17.500000      14.935444      14.935446       0.000002
   18.500000      10.712477      10.712481       0.000003
   19.500000       7.362659       7.362664       0.000004
   20.500000       4.951750       4.951757       0.000007
   21.500000       3.343373       3.343383       0.000010
   22.500000       2.334498       2.334512       0.000014
   23.500000       1.733358       1.733377       0.000019
   24.500000       1.390475       1.390498       0.000024
   25.500000       1.202130       1.202157       0.000027
   26.500000       1.102024       1.102054       0.000030
   27.500000       1.050353       1.050384       0.000031
   28.500000       1.024449       1.024481       0.000032
   29.500000       1.012301       1.012333       0.000033

----- SNJJ -----
       x            u            c1            c2
    0.500000       1.000075       1.000108       0.000033
    1.500000       1.000325       1.000358       0.000033
    2.500000       1.001446       1.001479       0.000033
    3.500000       1.006173       1.006206       0.000033
    4.500000       1.024843       1.024875       0.000032
    5.500000       1.093136       1.093166       0.000030
    6.500000       1.320657       1.320681       0.000025
    7.500000       1.995435       1.995452       0.000017
    8.500000       3.720713       3.720722       0.000009
    9.500000       7.352452       7.352456       0.000004
   10.500000      13.246918      13.246920       0.000002
   11.500000      20.057355      20.057356       0.000002
   12.500000      25.486417      25.486418       0.000001
   13.500000      27.876743      27.876744       0.000001
   14.500000      26.973160      26.973162       0.000001
   15.500000      23.631838      23.631839       0.000001
   16.500000      19.110011      19.110012       0.000002
   17.500000      14.497375      14.497378       0.000002
   18.500000      10.472929      10.472932       0.000003
   19.500000       7.315286       7.315290       0.000005
   20.500000       5.027128       5.027135       0.000007
   21.500000       3.470267       3.470277       0.000009
   22.500000       2.464383       2.464397       0.000013
   23.500000       1.842179       1.842197       0.000018
   24.500000       1.471413       1.471436       0.000022
   25.500000       1.257539       1.257565       0.000026
   26.500000       1.137648       1.137677       0.000029
   27.500000       1.072160       1.072191       0.000031
   28.500000       1.037411       1.037443       0.000032
   29.500000       1.020670       1.020703       0.000032

####################################################
# t = 20
####################################################

----- u_pulso -----
       x            u            c1            c2
    0.500000       1.000795       1.000828       0.000033
    1.500000       1.002374       1.002407       0.000033
    2.500000       1.006658       1.006691       0.000033
    3.500000       1.017542       1.017574       0.000032
    4.500000       1.043416       1.043448       0.000032
    5.500000       1.100945       1.100975       0.000030
    6.500000       1.220484       1.220511       0.000027
    7.500000       1.452405       1.452427       0.000023
    8.500000       1.872033       1.872051       0.000018
    9.500000       2.579048       2.579060       0.000013
   10.500000       3.686051       3.686060       0.000009
   11.500000       5.292297       5.292303       0.000006
   12.500000       7.443500       7.443505       0.000004
   13.500000      10.086792      10.086795       0.000003
   14.500000      13.038044      13.038046       0.000003
   15.500000      15.981587      15.981589       0.000002
   16.500000      18.515250      18.515252       0.000002
   17.500000      20.236739      20.236740       0.000002
   18.500000      20.847378      20.847380       0.000002
   19.500000      20.236739      20.236740       0.000002
   20.500000      18.515250      18.515252       0.000002
   21.500000      15.981587      15.981589       0.000002
   22.500000      13.038044      13.038046       0.000003
   23.500000      10.086792      10.086795       0.000003
   24.500000       7.443500       7.443505       0.000004
   25.500000       5.292297       5.292303       0.000006
   26.500000       3.686051       3.686060       0.000009
   27.500000       2.579048       2.579060       0.000013
   28.500000       1.872033       1.872051       0.000018
   29.500000       1.452405       1.452427       0.000023

----- SNBN -----
       x            u            c1            c2
    0.500000       1.003192       1.003225       0.000033
    1.500000       1.006386       1.006419       0.000033
    2.500000       1.014897       1.014929       0.000032
    3.500000       1.034402       1.034434       0.000032
    4.500000       1.076719       1.076750       0.000031
    5.500000       1.164065       1.164093       0.000028
    6.500000       1.335012       1.335037       0.000025
    7.500000       1.650781       1.650801       0.000020
    8.500000       2.198439       2.198454       0.000015
    9.500000       3.085208       3.085219       0.000011
   10.500000       4.417490       4.417498       0.000007
   11.500000       6.262236       6.262241       0.000005
   12.500000       8.598386       8.598390       0.000004
   13.500000      11.278331      11.278334       0.000003
   14.500000      14.024257      14.024260       0.000002
   15.500000      16.473653      16.473655       0.000002
   16.500000      18.263251      18.263252       0.000002
   17.500000      19.096993      19.096994       0.000002
   18.500000      18.942254      18.942256       0.000002
   19.500000      18.038964      18.038966       0.000002
   20.500000      16.377444      16.377446       0.000002
   21.500000      14.220003      14.220006       0.000002
   22.500000      11.864928      11.864931       0.000003
   23.500000       9.564330       9.564334       0.000003
   24.500000       7.494265       7.494269       0.000004
   25.500000       5.750483       5.750489       0.000006
   26.500000       4.361180       4.361188       0.000008
   27.500000       3.308356       3.308366       0.000010
   28.500000       2.553394       2.553407       0.000013
   29.500000       2.074415       2.074431       0.000016

----- SNJJ -----
       x            u            c1            c2
    0.500000       1.000276       1.000309       0.000033
    1.500000       1.000884       1.000917       0.000033
    2.500000       1.002798       1.002831       0.000033
    3.500000       1.008491       1.008524       0.000033
    4.500000       1.024407       1.024439       0.000032
    5.500000       1.065931       1.065962       0.000031
    6.500000       1.166306       1.166335       0.000028
    7.500000       1.389282       1.389306       0.000024
    8.500000       1.840591       1.840609       0.000018
    9.500000       2.665895       2.665908       0.000012
   10.500000       4.019242       4.019250       0.000008
   11.500000       5.997681       5.997687       0.000005
   12.500000       8.565297       8.565300       0.000004
   13.500000      11.510503      11.510506       0.000003
   14.500000      14.470373      14.470375       0.000002
   15.500000      17.019419      17.019421       0.000002
   16.500000      18.785214      18.785216       0.000002
   17.500000      19.542679      19.542681       0.000002
   18.500000      19.254825      19.254826       0.000002
   19.500000      18.055423      18.055425       0.000002
   20.500000      16.191600      16.191602       0.000002
   21.500000      13.953091      13.953094       0.000002
   22.500000      11.611002      11.611004       0.000003
   23.500000       9.378503       9.378507       0.000004
   24.500000       7.395398       7.395402       0.000004
   25.500000       5.731514       5.731519       0.000006
   26.500000       4.401407       4.401415       0.000007
   27.500000       3.384112       3.384122       0.000010
   28.500000       2.647179       2.647192       0.000012
   29.500000       2.190964       2.190979       0.000015

####################################################
# t = 30
####################################################

----- u_pulso -----
       x            u            c1            c2
    0.500000       1.000677       1.000710       0.000033
    1.500000       1.001658       1.001691       0.000033
    2.500000       1.003895       1.003928       0.000033
    3.500000       1.008778       1.008811       0.000033
    4.500000       1.018974       1.019007       0.000032
    5.500000       1.039341       1.039372       0.000032
    6.500000       1.078238       1.078269       0.000031
    7.500000       1.149246       1.149274       0.000029
    8.500000       1.273079       1.273105       0.000026
    9.500000       1.479269       1.479291       0.000022
   10.500000       1.806815       1.806833       0.000018
   11.500000       2.302787       2.302802       0.000014
   12.500000       3.017796       3.017807       0.000011
   13.500000       3.997682       3.997690       0.000008
   14.500000       5.271675       5.271681       0.000006
   15.500000       6.838688       6.838692       0.000005
   16.500000       8.654850       8.654853       0.000004
   17.500000      10.626368      10.626372       0.000003
   18.500000      12.611617      12.611619       0.000003
   19.500000      14.434679      14.434682       0.000002
   20.500000      15.909611      15.909613       0.000002
   21.500000      16.871198      16.871200       0.000002
   22.500000      17.205317      17.205319       0.000002
   23.500000      16.871198      16.871200       0.000002
   24.500000      15.909611      15.909613       0.000002
   25.500000      14.434679      14.434682       0.000002
   26.500000      12.611617      12.611619       0.000003
   27.500000      10.626368      10.626372       0.000003
   28.500000       8.654850       8.654853       0.000004
   29.500000       6.838688       6.838692       0.000005

----- SNBN -----
       x            u            c1            c2
    0.500000       1.002232       1.002265       0.000033
    1.500000       1.004143       1.004176       0.000033
    2.500000       1.008658       1.008691       0.000033
    3.500000       1.017848       1.017881       0.000032
    4.500000       1.035755       1.035786       0.000032
    5.500000       1.069401       1.069432       0.000031
    6.500000       1.130284       1.130313       0.000029
    7.500000       1.236147       1.236174       0.000027
    8.500000       1.412667       1.412691       0.000023
    9.500000       1.694316       1.694336       0.000019
   10.500000       2.123410       2.123426       0.000016
   11.500000       2.746222       2.746234       0.000012
   12.500000       3.605429       3.605438       0.000009
   13.500000       4.729143       4.729150       0.000007
   14.500000       6.118263       6.118268       0.000005
   15.500000       7.735365       7.735369       0.000004
   16.500000       9.499140       9.499143       0.000003
   17.500000      11.287722      11.287725       0.000003
   18.500000      12.952086      12.952089       0.000003
   19.500000      14.337532      14.337534       0.000002
   20.500000      15.307786      15.307788       0.000002
   21.500000      15.752588      15.752590       0.000002
   22.500000      15.670450      15.670452       0.000002
   23.500000      15.178851      15.178854       0.000002
   24.500000      14.241173      14.241175       0.000002
   25.500000      12.960092      12.960094       0.000003
   26.500000      11.470675      11.470678       0.000003
   27.500000       9.915993       9.915996       0.000003
   28.500000       8.452189       8.452193       0.000004
   29.500000       7.309089       7.309093       0.000005

----- SNJJ -----
       x            u            c1            c2
    0.500000       1.000251       1.000284       0.000033
    1.500000       1.000702       1.000735       0.000033
    2.500000       1.001883       1.001916       0.000033
    3.500000       1.004841       1.004874       0.000033
    4.500000       1.011899       1.011932       0.000033
    5.500000       1.027873       1.027905       0.000032
    6.500000       1.062056       1.062087       0.000031
    7.500000       1.131013       1.131042       0.000029
    8.500000       1.261774       1.261800       0.000026
    9.500000       1.494294       1.494316       0.000022
   10.500000       1.881232       1.881249       0.000018
   11.500000       2.482864       2.482877       0.000013
   12.500000       3.355881       3.355891       0.000010
   13.500000       4.537043       4.537050       0.000007
   14.500000       6.025544       6.025549       0.000005
   15.500000       7.769900       7.769904       0.000004
   16.500000       9.664993       9.664997       0.000003
   17.500000      11.562164      11.562167       0.000003
   18.500000      13.291041      13.291043       0.000002
   19.500000      14.687868      14.687871       0.000002
   20.500000      15.623067      15.623069       0.000002
   21.500000      16.021305      16.021307       0.000002
   22.500000      15.869994      15.869996       0.000002
   23.500000      15.215637      15.215640       0.000002
   24.500000      14.150613      14.150615       0.000002
   25.500000      12.794995      12.794998       0.000003
   26.500000      11.279124      11.279127       0.000003
   27.500000       9.734637       9.734640       0.000003
   28.500000       8.310253       8.310257       0.000004
   29.500000       7.260565       7.260570       0.000005

####################################################
# t = 40
####################################################

----- u_pulso -----
       x            u            c1            c2
    0.500000       1.000363       1.000396       0.000033
    1.500000       1.000805       1.000838       0.000033
    2.500000       1.001732       1.001765       0.000033
    3.500000       1.003610       1.003643       0.000033
    4.500000       1.007292       1.007325       0.000033
    5.500000       1.014277       1.014309       0.000032
    6.500000       1.027092       1.027124       0.000032
    7.500000       1.049831       1.049862       0.000031
    8.500000       1.088833       1.088863       0.000030
    9.500000       1.153489       1.153518       0.000029
   10.500000       1.257046       1.257072       0.000026
   11.500000       1.417226       1.417249       0.000023
   12.500000       1.656389       1.656409       0.000020
   13.500000       2.000874       2.000890       0.000016
   14.500000       2.479195       2.479209       0.000013
   15.500000       3.118850       3.118860       0.000011
   16.500000       3.941731       3.941740       0.000008
   17.500000       4.958532       4.958539       0.000007
   18.500000       6.162899       6.162905       0.000005
   19.500000       7.526517       7.526521       0.000004
   20.500000       8.996455       8.996459       0.000004
   21.500000      10.496025      10.496029       0.000003
   22.500000      11.929858      11.929861       0.000003
   23.500000      13.193138      13.193141       0.000002
   24.500000      14.183926      14.183928       0.000002
   25.500000      14.816636      14.816638       0.000002
   26.500000      15.034216      15.034218       0.000002
   27.500000      14.816636      14.816638       0.000002
   28.500000      14.183926      14.183928       0.000002
   29.500000      13.193138      13.193141       0.000002

----- SNBN -----
       x            u            c1            c2
    0.500000       1.001120       1.001152       0.000033
    1.500000       1.002015       1.002048       0.000033
    2.500000       1.004011       1.004044       0.000033
    3.500000       1.007834       1.007866       0.000033
    4.500000       1.014882       1.014914       0.000032
    5.500000       1.027512       1.027545       0.000032
    6.500000       1.049510       1.049542       0.000031
    7.500000       1.086699       1.086730       0.000030
    8.500000       1.147658       1.147687       0.000029
    9.500000       1.244433       1.244460       0.000026
   10.500000       1.393065       1.393089       0.000024
   11.500000       1.613671       1.613692       0.000020
   12.500000       1.929759       1.929776       0.000017
   13.500000       2.366468       2.366482       0.000014
   14.500000       2.947574       2.947586       0.000011
   15.500000       3.691323       3.691332       0.000009
   16.500000       4.605532       4.605539       0.000007
   17.500000       5.682773       5.682779       0.000006
   18.500000       6.896695       6.896700       0.000005
   19.500000       8.200616       8.200620       0.000004
   20.500000       9.529225       9.529228       0.000003
   21.500000      10.803663      10.803666       0.000003
   22.500000      11.939529      11.939532       0.000003
   23.500000      12.856626      12.856628       0.000003
   24.500000      13.488652      13.488655       0.000002
   25.500000      13.785429      13.785431       0.000002
   26.500000      13.751102      13.751105       0.000002
   27.500000      13.486450      13.486452       0.000002
   28.500000      13.007115      13.007118       0.000003
   29.500000      12.495619      12.495621       0.000003

----- SNJJ -----
       x            u            c1            c2
    0.500000       1.000139       1.000172       0.000033
    1.500000       1.000365       1.000398       0.000033
    2.500000       1.000900       1.000933       0.000033
    3.500000       1.002120       1.002153       0.000033
    4.500000       1.004793       1.004826       0.000033
    5.500000       1.010419       1.010451       0.000033
    6.500000       1.021764       1.021796       0.000032
    7.500000       1.043653       1.043685       0.000032
    8.500000       1.084013       1.084043       0.000030
    9.500000       1.155050       1.155079       0.000029
   10.500000       1.274304       1.274330       0.000026
   11.500000       1.465130       1.465152       0.000022
   12.500000       1.756042       1.756061       0.000019
   13.500000       2.178419       2.178435       0.000015
   14.500000       2.762315       2.762327       0.000012
   15.500000       3.530635       3.530644       0.000009
   16.500000       4.492546       4.492553       0.000007
   17.500000       5.637509       5.637515       0.000006
   18.500000       6.931501       6.931506       0.000005
   19.500000       8.316790       8.316794       0.000004
   20.500000       9.715878       9.715881       0.000003
   21.500000      11.039325      11.039328       0.000003
   22.500000      12.196212      12.196215       0.000003
   23.500000      13.105418      13.105420       0.000003
   24.500000      13.705798      13.705800       0.000002
   25.500000      13.964049      13.964051       0.000002
   26.500000      13.880637      13.880639       0.000002
   27.500000      13.497700      13.497702       0.000002
   28.500000      12.920304      12.920307       0.000003
   29.500000      12.377943      12.377946       0.000003

