
========================================================================================================================
COMPONENTES CALCULADAS A PARTIR DE SNBN
========================================================================================================================

       SNBN_t10       SNBN_t20       SNBN_t30       SNBN_t40
   1.001587E+00   1.003192E+00   1.002232E+00   1.001120E+00
   1.003940E+00   1.006386E+00   1.004143E+00   1.002015E+00
   1.012063E+00   1.014897E+00   1.008658E+00   1.004011E+00
   1.036295E+00   1.034402E+00   1.017848E+00   1.007834E+00
   1.104243E+00   1.076719E+00   1.035755E+00   1.014882E+00
   1.283198E+00   1.164065E+00   1.069401E+00   1.027512E+00
   1.721123E+00   1.335012E+00   1.130284E+00   1.049510E+00
   2.701949E+00   1.650781E+00   1.236147E+00   1.086699E+00
   4.672246E+00   2.198439E+00   1.412667E+00   1.147658E+00
   8.125277E+00   3.085208E+00   1.694316E+00   1.244433E+00
   1.320511E+01   4.417490E+00   2.123410E+00   1.393065E+00
   1.914911E+01   6.262236E+00   2.746222E+00   1.613671E+00
   2.427785E+01   8.598386E+00   3.605429E+00   1.929759E+00
   2.681532E+01   1.127833E+01   4.729143E+00   2.366468E+00
   2.634255E+01   1.402426E+01   6.118263E+00   2.947574E+00
   2.378796E+01   1.647365E+01   7.735365E+00   3.691323E+00
   1.959596E+01   1.826325E+01   9.499140E+00   4.605532E+00
   1.493544E+01   1.909699E+01   1.128772E+01   5.682773E+00
   1.071248E+01   1.894225E+01   1.295209E+01   6.896695E+00
   7.362659E+00   1.803896E+01   1.433753E+01   8.200616E+00
   4.951750E+00   1.637744E+01   1.530779E+01   9.529225E+00
   3.343373E+00   1.422000E+01   1.575259E+01   1.080366E+01
   2.334498E+00   1.186493E+01   1.567045E+01   1.193953E+01
   1.733358E+00   9.564330E+00   1.517885E+01   1.285663E+01
   1.390475E+00   7.494265E+00   1.424117E+01   1.348865E+01
   1.202130E+00   5.750483E+00   1.296009E+01   1.378543E+01
   1.102024E+00   4.361180E+00   1.147067E+01   1.375110E+01
   1.050353E+00   3.308356E+00   9.915993E+00   1.348645E+01
   1.024449E+00   2.553394E+00   8.452189E+00   1.300712E+01
   1.012301E+00   2.074415E+00   7.309089E+00   1.249562E+01

========================================================================================================================
ESPECIES CALCULADAS A PARTIR DE SNBN
========================================================================================================================


TIEMPO = 10
             c1             c2
   1.001619E+00   3.288493E-05
   1.003973E+00   3.280784E-05
   1.012096E+00   3.254453E-05
   1.036327E+00   3.178359E-05
   1.104272E+00   2.982795E-05
   1.283223E+00   2.566832E-05
   1.721142E+00   1.913740E-05
   2.701961E+00   1.219047E-05
   4.672253E+00   7.049744E-06
   8.125281E+00   4.053790E-06
   1.320512E+01   2.494350E-06
   1.914911E+01   1.720089E-06
   2.427785E+01   1.356717E-06
   2.681532E+01   1.228334E-06
   2.634255E+01   1.250380E-06
   2.378796E+01   1.384658E-06
   1.959596E+01   1.680866E-06
   1.493545E+01   2.205370E-06
   1.071248E+01   3.074749E-06
   7.362664E+00   4.473678E-06
   4.951757E+00   6.651818E-06
   3.343383E+00   9.851753E-06
   2.334512E+00   1.410924E-05
   1.733377E+00   1.900232E-05
   1.390498E+00   2.368804E-05
   1.202157E+00   2.739923E-05
   1.102054E+00   2.988800E-05
   1.050384E+00   3.135823E-05
   1.024481E+00   3.215108E-05
   1.012333E+00   3.253690E-05

TIEMPO = 20
             c1             c2
   1.003225E+00   3.283229E-05
   1.006419E+00   3.272811E-05
   1.014929E+00   3.245368E-05
   1.034434E+00   3.184175E-05
   1.076750E+00   3.059039E-05
   1.164093E+00   2.829515E-05
   1.335037E+00   2.467212E-05
   1.650801E+00   1.995285E-05
   2.198454E+00   1.498243E-05
   3.085219E+00   1.067613E-05
   4.417498E+00   7.456299E-06
   6.262241E+00   5.259808E-06
   8.598390E+00   3.830739E-06
   1.127833E+01   2.920483E-06
   1.402426E+01   2.348658E-06
   1.647365E+01   1.999446E-06
   1.826325E+01   1.803522E-06
   1.909699E+01   1.724784E-06
   1.894226E+01   1.738873E-06
   1.803897E+01   1.825946E-06
   1.637745E+01   2.011192E-06
   1.422001E+01   2.316327E-06
   1.186493E+01   2.776096E-06
   9.564334E+00   3.443856E-06
   7.494269E+00   4.395116E-06
   5.750489E+00   5.727893E-06
   4.361188E+00   7.552572E-06
   3.308366E+00   9.956029E-06
   2.553407E+00   1.289970E-05
   2.074431E+00   1.587818E-05

TIEMPO = 30
             c1             c2
   1.002265E+00   3.286374E-05
   1.004176E+00   3.280121E-05
   1.008691E+00   3.265440E-05
   1.017881E+00   3.235958E-05
   1.035786E+00   3.180017E-05
   1.069432E+00   3.079970E-05
   1.130313E+00   2.914077E-05
   1.236174E+00   2.664526E-05
   1.412691E+00   2.331592E-05
   1.694336E+00   1.944018E-05
   2.123426E+00   1.551181E-05
   2.746234E+00   1.199395E-05
   3.605438E+00   9.135696E-06
   4.729150E+00   6.964927E-06
   6.118268E+00   5.383580E-06
   7.735369E+00   4.258127E-06
   9.499143E+00   3.467490E-06
   1.128773E+01   2.918053E-06
   1.295209E+01   2.543079E-06
   1.433753E+01   2.297340E-06
   1.530779E+01   2.151727E-06
   1.575259E+01   2.090969E-06
   1.567045E+01   2.101929E-06
   1.517885E+01   2.170005E-06
   1.424118E+01   2.312884E-06
   1.296009E+01   2.541508E-06
   1.147068E+01   2.871512E-06
   9.915996E+00   3.321722E-06
   8.452193E+00   3.896999E-06
   7.309093E+00   4.506467E-06

TIEMPO = 40
             c1             c2
   1.001152E+00   3.290027E-05
   1.002048E+00   3.287086E-05
   1.004044E+00   3.280553E-05
   1.007866E+00   3.268111E-05
   1.014914E+00   3.245416E-05
   1.027545E+00   3.205524E-05
   1.049542E+00   3.138340E-05
   1.086730E+00   3.030946E-05
   1.147687E+00   2.869962E-05
   1.244460E+00   2.646786E-05
   1.393089E+00   2.364400E-05
   1.613692E+00   2.041170E-05
   1.929776E+00   1.706840E-05
   2.366482E+00   1.391863E-05
   2.947586E+00   1.117463E-05
   3.691332E+00   8.923117E-06
   4.605539E+00   7.151863E-06
   5.682779E+00   5.796140E-06
   6.896700E+00   4.775934E-06
   8.200620E+00   4.016548E-06
   9.529228E+00   3.456543E-06
   1.080367E+01   3.048797E-06
   1.193953E+01   2.758750E-06
   1.285663E+01   2.561961E-06
   1.348865E+01   2.441918E-06
   1.378543E+01   2.389347E-06
   1.375110E+01   2.395312E-06
   1.348645E+01   2.442317E-06
   1.300712E+01   2.532320E-06
   1.249562E+01   2.635978E-06
