'TRANSPORT PROPERTIES'
.true. 5d-1			! flag for homogeneous property,	porosity (phi)
'*'
'----------------------------------------------------------------------------'
'MIXING RATIOS'                 ! number of mixing ratios, mixing ratios at each target (including sink/sources and boundary terms)
32.0	0.0	1.5	-0.5	0.0	0.0	0.0	0.0	0.0	0.0	0.0	0.0	0.0	0.0	0.0	0.0	0.0	0.0	0.0	0.0	0.0	0.0	0.0	0.0	0.0	0.0	0.0	0.0	0.0	0.0	0.0	0.0	0.0
32.0	0.0	0.5200321028114442	-0.1733440342704814	0.5778134475682707	0.06677367603814623	0.007716545591681627	0.0008917447623294615	0.00010305242309450693	1.190901517370024e-05	1.3762378229317179e-06	1.590417442284056e-07	1.8379291707977208e-08	2.123960381129849e-09	2.454505740638115e-10	2.8364928481484452e-11	3.277927423182793e-12	3.7880610905356567e-13	4.3775852766432636e-14	5.0588552814426984e-15	5.846149221838725e-16	6.7559672737384e-17	7.807377484194397e-18	9.022415401218715e-19	1.0426545896748159e-19	1.2049196861821307e-20	1.3924375963034298e-21	1.6091383496985032e-22	1.85956394750743e-23	2.1489734352728124e-24	2.4837381412700844e-25	2.879696395675459e-26	3.599620494594324e-27
32.0	0.0	0.18028892530299495	-0.06009630843433165	0.2003210281144387	0.6009630843433157	0.0694489103251346	0.008025702860965149	0.0009274718078505619	0.0001071811365633021	1.2386140406385455e-05	1.4313756980556498e-06	1.6541362537179478e-07	1.911564343016863e-08	2.2090551665743022e-09	2.552843563333599e-10	2.950134680864512e-11	3.409254981482089e-12	3.939826748978935e-13	4.5529697532984266e-14	5.26153429965485e-15	6.080370546364557e-16	7.026639735774953e-17	8.12017386109684e-18	9.383891307073338e-19	1.084427717563917e-19	1.2531938366730862e-20	1.4482245147286522e-21	1.673607552756686e-22	1.9340760917455303e-23	2.2353643271430748e-24	2.591726756107912e-25	3.23965844513489e-26
32.0	0.0	0.06250401929262123	-0.02083467309754041	0.06944891032513466	0.20834673097540382	0.6018905561511663	0.06955609146169792	0.008038089001371531	0.0009289031835486177	0.00010734655018867387	1.2405256049815625e-05	1.4335847532222208e-06	1.6566890972812804e-07	1.9145144776977274e-08	2.2124644215557847e-09	2.556783390082576e-10	2.9546876506178083e-11	3.414516515781742e-12	3.9459071195253e-13	4.5599963930342e-14	5.269654473515946e-15	6.089754437671622e-16	7.03748401295059e-17	8.132705799463555e-18	9.39837355222061e-19	1.086101325116674e-19	1.2551279127648311e-20	1.4504598790557936e-21	1.6761992795127922e-22	1.9373157501906637e-23	2.246163188626856e-24	2.80770398578357e-25
32.0	0.0	0.02166939772460593	-0.007223132574868644	0.02407710858289546	0.07223132574868633	0.20866827438509375	0.6019277145723854	0.06956038558879206	0.008038585242247648	0.000928960530478908	0.00010735317735417361	1.2406021902884596e-05	1.4336732572626457e-06	1.6567913749307247e-07	1.9146326725001972e-08	2.2126010106483815e-09	2.5569412361115635e-10	2.954870061734198e-11	3.4147273149738153e-12	3.9461507247411325e-13	4.560277909773412e-14	5.269979801831208e-15	6.090130395822623e-16	7.037918480304996e-17	8.13320788172937e-18	9.398953775048135e-19	1.0861683860464878e-19	1.255205664567513e-20	1.450557068809146e-21	1.6765232453573042e-22	1.9437950670809317e-23	2.4297438338511646e-24
32.0	0.0	0.007512521643589564	-0.0025041738811965213	0.008347246270655063	0.025041738811965173	0.0723428010123438	0.20868115676637622	0.6019292032950136	0.06956055762958294	0.008038605123744146	0.000928962828038115	0.00010735344286629465	1.2406052586179419e-05	1.4336768031067195e-06	1.6567954726035028e-07	1.9146374078810647e-08	2.2126064829818714e-09	2.5569475600873245e-10	2.954877369890673e-11	3.4147357604759913e-12	3.94616048459059e-13	4.560289188517936e-14	5.26999283585184e-15	6.090145458290586e-16	7.037935886989811e-17	8.133228000008315e-18	9.398977100588935e-19	1.086171301739087e-19	1.255215383542847e-20	1.450751448315853e-21	1.6820306647140317e-22	2.1025383308925396e-23
32.0	0.0	0.0026045016184882445	-0.0008681672061627481	0.002893890687209158	0.008681672061627468	0.025080385955812676	0.07234726718022881	0.20868167288874878	0.6019292629395032	0.06956056452226056	0.00803860592028051	0.0009289629200879976	0.00010735345350382679	1.2406053815481254e-05	1.4336769451681458e-06	1.656795636773506e-07	1.9146375976003367e-08	2.212606702226565e-09	2.55694781345239e-10	2.954877662686157e-11	3.414736098838327e-12	3.946160875611204e-13	4.5602896403919754e-14	5.269993358052375e-15	6.090146061838946e-16	7.037936586756037e-17	8.133228874716091e-18	9.398980016281526e-19	1.0861771331242874e-19	1.2553806061235479e-20	1.4555137462301999e-21	1.8193921827877499e-22
32.0	0.0	0.0009029496356255009	-0.000300983211875167	0.0010032773729172226	0.0030098321187516657	0.008695070565282586	0.025081934322930516	0.07234744611369731	0.20868169356678168	0.6019292653291123	0.06956056479841022	0.008038605952193092	0.0009289629237759025	0.00010735345393001108	1.2406053864732257e-05	1.4336769508597232e-06	1.6567956433508464e-07	1.914637605201288e-08	2.21260671101043e-09	2.5569478236032603e-10	2.9548776744167754e-11	3.4147361123945444e-12	3.946160891277221e-13	4.560289658498418e-14	5.269993379045355e-15	6.090146088080181e-16	7.037936674226813e-17	8.133230624131644e-18	9.399029583055729e-19	1.086320002061717e-19	1.2595014516657585e-20	1.574376814582198e-21
32.0	0.0	0.00031304186516477127	-0.00010434728838825709	0.0003478242946275234	0.0010434728838825693	0.0030144772201051986	0.008695607365688068	0.02508199635702912	0.07234745328252465	0.2086816943952308	0.6019292654248507	0.06956056480947387	0.008038605953471646	0.0009289629239236564	0.00010735345394708595	1.2406053866705465e-05	1.4336769510877523e-06	1.6567956436143634e-07	1.9146376055058163e-08	2.212606711362351e-09	2.5569478240099494e-10	2.9548776748867555e-11	3.4147361129377415e-12	3.9461608919070073e-13	4.5602896592856535e-14	5.269993381669485e-15	6.090146140562652e-16	7.037938161230037e-17	8.133273484812874e-18	9.400265836718394e-19	1.0898858941122772e-19	1.3623573676403465e-20
32.0	0.0	0.00010852787960643469	-3.617595986881156e-05	0.00012058653289603844	0.00036175959868811505	0.0010450832850989985	0.003014663322400955	0.00869562887216986	0.025081998842375924	0.07234745356973778	0.2086816944284213	0.6019292654286857	0.06956056480991712	0.008038605953522876	0.0009289629239295769	0.00010735345394777004	1.2406053866784518e-05	1.4336769510968888e-06	1.6567956436249222e-07	1.9146376055180185e-08	2.2126067113764516e-09	2.5569478240262443e-10	2.9548776749056514e-11	3.414736112961355e-12	3.9461608919857283e-13	4.560289660860132e-14	5.269993426279583e-15	6.090147426383086e-16	7.037975248839916e-17	8.13434325242804e-18	9.43112261151077e-19	1.1788903264388462e-19
32.0	0.0	3.7625320963600966e-05	-1.2541773654533655e-05	4.1805912181778825e-05	0.00012541773654533637	0.000362317905575416	0.0010451478045444683	0.003014670778441598	0.00869562973380997	0.02508199894194936	0.07234745358124475	0.2086816944297515	0.6019292654288394	0.06956056480993494	0.008038605953524937	0.0009289629239298144	0.00010735345394779746	1.2406053866787695e-05	1.433676951097256e-06	1.6567956436253467e-07	1.9146376055185086e-08	2.212606711377018e-09	2.5569478240269546e-10	2.95487767490801e-11	3.4147361130085875e-12	3.9461608933240357e-13	4.5602896994347476e-14	5.269994538907878e-15	6.09017951941154e-16	7.038900952083688e-17	8.161044582126012e-18	1.0201305727657515e-18
32.0	0.0	1.3044249853104612e-05	-4.348083284368204e-06	1.4493610947894006e-05	4.348083284368198e-05	0.00012561129488174787	0.0003623402736973494	0.0010451503894647982	0.003014671077161944	0.008695629768330894	0.0250819989459387	0.07234745358170593	0.2086816944298048	0.6019292654288455	0.06956056480993567	0.008038605953525015	0.0009289629239298231	0.00010735345394779853	1.2406053866787822e-05	1.4336769510972708e-06	1.6567956436253634e-07	1.914637605518528e-08	2.2126067113770885e-09	2.556947824028367e-10	2.9548776749481555e-11	3.4147361141658265e-12	3.9461609267028833e-13	4.560290662225595e-14	5.270022310005186e-15	6.090980559302475e-16	7.062006445568085e-17	8.827508056960106e-18
32.0	0.0	4.5222857871385755e-06	-1.5074285957128585e-06	5.024761985709525e-06	1.5074285957128561e-05	4.3547937209482495e-05	0.00012561904964273788	0.0003623411698583859	0.001045150493027578	0.003014671089129937	0.00869562976971395	0.02508199894609859	0.07234745358172442	0.20868169442980697	0.601929265428846	0.06956056480993567	0.008038605953525013	0.0009289629239298232	0.00010735345394779858	1.2406053866787829e-05	1.4336769510972712e-06	1.656795643625364e-07	1.91463760551857e-08	2.212606711378289e-09	2.556947824063081e-10	2.9548776759495217e-11	3.4147361430495513e-12	3.9461617598357975e-13	4.560314693422319e-14	5.270715474809714e-15	6.110974463547493e-16	7.638718079434366e-17
32.0	0.0	1.5678225249333206e-06	-5.226075083111068e-07	1.7420250277036886e-06	5.226075083111061e-06	1.5097550240098613e-05	4.355062569259211e-05	0.00012561936033107674	0.00036234120576236615	0.0010451504971767385	0.003014671089609427	0.008695629769769385	0.025081998946105005	0.07234745358172517	0.20868169442980714	0.601929265428846	0.06956056480993565	0.008038605953525013	0.0009289629239298237	0.00010735345394779865	1.240605386678783e-05	1.4336769510972716e-06	1.6567956436254002e-07	1.9146376055196094e-08	2.2126067114083282e-09	2.556947824929595e-10	2.9548777009435096e-11	3.4147368639854494e-12	3.9461825547799314e-13	4.560914510549668e-14	5.2880168238257e-15	6.610021029782125e-16
32.0	0.0	5.435453629841474e-07	-1.811817876613825e-07	6.039392922046079e-07	1.8118178766138217e-06	5.234140532439928e-06	1.5098482305115164e-05	4.3550733404532154e-05	0.00012561937277855807	0.0003623412072008298	0.0010451504973429703	0.00301467108962864	0.008695629769771594	0.025081998946105216	0.0723474535817251	0.20868169442980677	0.601929265428846	0.06956056480993567	0.008038605953525018	0.0009289629239298244	0.00010735345394779868	1.2406053866787837e-05	1.4336769510973032e-06	1.6567956436263e-07	1.9146376055456033e-08	2.21260671215815e-09	2.556947846557672e-10	2.954878324791831e-11	3.4147548584992692e-12	3.9467015952504106e-13	4.575885907536706e-14	5.7198573844208825e-15
32.0	0.0	1.8844069205737055e-07	-6.281356401912352e-08	2.093785467304116e-07	6.281356401912341e-07	1.8146140716635646e-06	5.2344636682602775e-06	1.5098519647559639e-05	4.3550737719925487e-05	0.00012561937327725645	0.00036234120725846096	0.0010451504973496325	0.00301467108962941	0.008695629769771679	0.025081998946105227	0.07234745358172509	0.20868169442980702	0.6019292654288458	0.0695605648099357	0.008038605953525024	0.0009289629239298244	0.00010735345394779872	1.2406053866788108e-05	1.4336769510980816e-06	1.656795643648793e-07	1.914637606194447e-08	2.2126067308735995e-09	2.556948386393084e-10	2.954893896005944e-11	3.4152040004088794e-12	3.959656812068264e-13	4.94957101508533e-14
32.0	0.0	6.533013956389215e-08	-2.177671318796405e-08	7.258904395988013e-08	2.177671318796401e-07	6.291050476522935e-07	1.814726098996999e-06	5.234476614440229e-06	1.5098521143655021e-05	4.355073789281828e-05	0.0001256193732972365	0.0003623412072607708	0.0010451504973498999	0.0030146710896294406	0.008695629769771685	0.025081998946105234	0.0723474535817252	0.20868169442980708	0.601929265428846	0.06956056480993571	0.00803860595352502	0.0009289629239298245	0.00010735345394780102	1.2406053866794839e-05	1.4336769511175452e-06	1.656795644210257e-07	1.9146376223895086e-08	2.2126071980100196e-09	2.5569618606503704e-10	2.955282552510478e-11	3.426414553635335e-12	4.283018192044169e-13
32.0	0.0	2.264917990291731e-08	-7.54972663430577e-09	2.5165755447685877e-08	7.549726634305756e-08	2.18103213879944e-07	6.291438861921457e-07	1.814730587283121e-06	5.234477133118648e-06	1.5098521203594888e-05	4.355073789974512e-05	0.0001256193732980373	0.00036234120726086344	0.0010451504973499105	0.0030146710896294428	0.008695629769771687	0.025081998946105265	0.07234745358172522	0.2086816944298071	0.601929265428846	0.06956056480993567	0.00803860595352502	0.0009289629239298443	0.00010735345394785923	1.2406053866963261e-05	1.4336769516033971e-06	1.6567956582243487e-07	1.914638026617224e-08	2.2126188577051537e-09	2.557298177247162e-10	2.964983393909752e-11	3.70622924238719e-12
32.0	0.0	7.852200434579193e-09	-2.617400144859731e-09	8.724667149532432e-09	2.617400144859727e-08	7.561378196261429e-08	2.181166787383103e-07	6.291454422273925e-07	1.8147307671027405e-06	5.234477153899085e-06	1.5098521205996345e-05	4.355073790002276e-05	0.00012561937329806945	0.0003623412072608671	0.0010451504973499114	0.003014671089629444	0.0086956297697717	0.02508199894610528	0.07234745358172523	0.20868169442980714	0.601929265428846	0.06956056480993571	0.008038605953525195	0.0009289629239303485	0.00010735345394931671	1.2406053871167497e-05	1.4336769637302285e-06	1.6567960080152008e-07	1.914648116115127e-08	2.2129098829471315e-09	2.565692617909717e-10	3.207115772387146e-11
32.0	0.0	2.7222642024607665e-09	-9.074214008202555e-10	3.0247380027341837e-09	9.074214008202542e-09	2.6214396023696216e-08	7.561845006835441e-08	2.181172181971644e-07	6.291455045687083e-07	1.8147307743070685e-06	5.234477154731636e-06	1.5098521206092583e-05	4.355073790003385e-05	0.00012561937329807061	0.0003623412072608671	0.0010451504973499105	0.003014671089629445	0.008695629769771696	0.025081998946105258	0.07234745358172516	0.20868169442980697	0.6019292654288464	0.06956056480993723	0.00803860595352956	0.0009289629239429606	0.0001073534539856973	1.2406053976104754e-05	1.4336772664151641e-06	1.6568047387724598e-07	1.9148999493350033e-08	2.2201738543014527e-09	2.775217317876816e-10
32.0	0.0	9.437765184093487e-10	-3.1459217280311626e-10	1.048640576010387e-09	3.1459217280311574e-09	9.08821832542334e-09	2.6216014400259615e-08	7.561863709230436e-08	2.1811723981015982e-07	6.291455070663775e-07	1.8147307745957458e-06	5.234477154765123e-06	1.5098521206096779e-05	4.3550737900035266e-05	0.00012561937329807354	0.0003623412072608752	0.0010451504973499352	0.003014671089629513	0.008695629769771892	0.02508199894610582	0.07234745358172678	0.20868169442981194	0.6019292654288602	0.06956056480997506	0.008038605953638703	0.0009289629242577741	0.00010735345489375221	1.2406056595331931e-05	1.4336848214117614e-06	1.657022657913091e-07	1.921185690334018e-08	2.4014821129175226e-09
32.0	0.0	3.271960583018284e-10	-1.0906535276727612e-10	3.6355117589092017e-10	1.0906535276727596e-09	3.1507768577213038e-09	9.088779397272984e-09	2.6216079239245174e-08	7.561864458531116e-08	2.1811724067618496e-07	6.291455071667843e-07	1.8147307746082952e-06	5.234477154769288e-06	1.509852120610509e-05	4.355073790005884e-05	0.00012561937329814139	0.0003623412072610715	0.0010451504973505003	0.003014671089631143	0.008695629769776588	0.02508199894611938	0.072347453581766	0.20868169442992485	0.6019292654291869	0.06956056481091946	0.008038605956362875	0.0009289629321154556	0.00010735347755874189	1.2406121971074116e-05	1.433873393641732e-06	1.6624619056715727e-07	2.0780773820894658e-08
32.0	0.0	1.1343496948841725e-10	-3.781165649613908e-11	1.2603885498713016e-10	3.7811656496139014e-10	1.0923367432217933e-09	3.1509713746782474e-09	9.08880187629414e-09	2.6216081837322992e-08	7.561864488653755e-08	2.1811724071383825e-07	6.29145507179337e-07	1.814730774633397e-06	5.23447715484041e-06	1.5098521206310094e-05	4.355073790065012e-05	0.00012561937329984708	0.00036234120726599106	0.0010451504973646903	0.0030146710896720727	0.008695629769894651	0.02508199894645995	0.0723474535827483	0.2086816944327586	0.6019292654373594	0.06956056483449259	0.008038606024357848	0.0009289631282426817	0.00010735404327543181	1.2407753745401667e-05	1.4385801443943955e-06	1.7982251804929944e-07
32.0	0.0	3.9326550490269613e-11	-1.3108850163423205e-11	4.369616721141065e-11	1.3108850163423183e-10	3.7870011583222516e-10	1.092404180285264e-09	3.1509791689117153e-09	9.088802779973386e-09	2.6216081950282903e-08	7.56186449241909e-08	2.1811724078914557e-07	6.29145507392706e-07	1.8147307752484018e-06	5.234477156614303e-06	1.5098521211426761e-05	4.355073791540889e-05	0.0001256193733424177	0.0003623412073887833	0.0010451504977188769	0.0030146710906937017	0.008695629772841487	0.025081998954959894	0.07234745360726598	0.20868169450347787	0.6019292656413446	0.06956056542287425	0.008038607721507909	0.0009289680235656638	0.0001073681635276898	1.2448482727848088e-05	1.556060340981011e-06
32.0	0.0	1.3634045947174501e-11	-4.5446819823915005e-12	1.514893994130499e-11	4.544681982391492e-11	1.3129081282464305e-10	3.7872349853262387e-10	1.0924068913229901e-09	3.1509795077914277e-09	9.08880289293328e-09	2.6216082176202693e-08	7.561864556429715e-08	2.181172426341571e-07	6.291455127143719e-07	1.8147307905983964e-06	5.234477200890393e-06	1.50985213391384e-05	4.355073828378504e-05	0.0001256193744049756	0.00036234121045366493	0.001045150506559336	0.0030146711161934555	0.00869562984639392	0.025081999167117317	0.07234745421922062	0.20868169626862268	0.601929270732795	0.06956058010884317	0.008038650082264683	0.0009290902105130036	0.00010772060411744966	1.3465075514681208e-05
32.0	0.0	4.72676205376172e-12	-1.5755873512539065e-12	5.2519578375130185e-12	1.575587351253904e-11	4.5516967925112757e-11	1.3129894593782515e-10	3.7872451517177105e-10	1.0924072302027041e-09	3.1509801855508536e-09	9.088804813251659e-09	2.621608771123808e-08	7.561866152929696e-08	2.1811728868414479e-07	6.291456455426686e-07	1.8147311737332894e-06	5.234478306018983e-06	1.5098524526812514e-05	4.35507474784312e-05	0.00012561940092635602	0.00036234128695292417	0.0010451507272166548	0.0030146717526656564	0.008695631682258098	0.025082004462552397	0.07234746949357114	0.20868174032652945	0.601929397815065	0.0695609466696852	0.008039707404033966	0.0009321399888735033	0.00011651749860918791
32.0	0.0	1.6387206423320243e-12	-5.462402141106748e-13	1.820800713702248e-12	5.462402141106738e-12	1.5780272852086127e-11	4.55200178425561e-11	1.3129996257697287e-10	3.787265484500664e-10	1.0924129911578742e-09	3.150996790656933e-09	9.088852708251528e-09	2.6216225861202257e-08	7.561906001418957e-08	2.1811843808883453e-07	6.291489609284399e-07	1.81474073675571e-06	5.234505889957648e-06	1.5098604090954366e-05	4.355097697621052e-05	0.00012562006289831344	0.0003623431963695371	0.0010451562348091732	0.003014687638971013	0.008695677505309977	0.02508213663627291	0.07234785074038215	0.20868284000905563	0.6019325697803729	0.06957009600476671	0.008066098087509183	0.0010082622609386479
32.0	0.0	5.681996197030637e-13	-1.8939987323435454e-13	6.313329107811814e-13	1.893998732343542e-12	5.4715518934368985e-12	1.5783322769529498e-11	4.5526117677442844e-11	1.3131724544248533e-10	3.7877636376830806e-10	1.0925566761574287e-09	3.151411240549524e-09	9.090048162929424e-09	2.6219674075271753e-08	7.562900617150543e-08	2.1814712715609217e-07	6.292317127444421e-07	1.8149794291812947e-06	5.235194383295735e-06	1.5100590006826759e-05	4.355670522604836e-05	0.00012563658567586963	0.00036239085528559265	0.0010452937039648234	0.0030150841601326046	0.008696821245742867	0.025085435683851093	0.07235736663630571	0.20871028801430014	0.6020117418307985	0.06979846282096215	0.008724807852620267
32.0	0.0	1.9763465033150038e-13	-6.587821677716679e-14	2.1959405592388914e-13	6.587821677716668e-13	1.903148484673703e-12	5.4898513980972165e-12	1.5835171366067075e-11	4.56755636321688e-11	1.317483004411506e-10	3.800197134460621e-10	1.0961430401911385e-09	3.1617558827580604e-09	9.11988663487713e-09	2.6305741277045367e-08	7.587726161951032e-08	2.188632044328494e-07	6.312971927587112e-07	1.820937176798516e-06	5.252379132809307e-06	1.5150158339495079e-05	4.3699681974215526e-05	0.0001260489931428148	0.0003635804187703733	0.0010487249252635145	0.0030249813028670838	0.008725368933513422	0.025167779699584586	0.07259488278758264	0.20939538846288644	0.6039878711261318	0.07549848389076647
32.0	0.0	7.411299387431263e-14	-2.4704331291437544e-14	8.234777097145841e-14	2.4704331291437495e-13	7.136806817526386e-13	2.0586942742864558e-12	5.938189262275151e-12	1.7128336362063293e-11	4.940561266543146e-11	1.4250739254227327e-10	4.1105364007167683e-10	1.1856584560342722e-09	3.419957488078923e-09	9.86465297889201e-09	2.845397310731636e-08	8.20737016623185e-08	2.367364472845166e-07	6.828514412994434e-07	1.9696421748034896e-06	5.681309377310653e-06	1.6387380740330818e-05	4.726837242855554e-05	0.00013634265703888995	0.0003932718469738178	0.0011343679885751563	0.003272013350067532	0.009437917387344218	0.027223081045343482	0.07852327067358239	0.22649545167229937	0.6533119314590374
0				! indica el final de la lectura de proporciones de mezcla
'*'
'----------------------------------------------------------------------------'
'MIXING WATERS'			! target water index, water indices in 'MIXING RATIOS'
3	1	2	3	4	5	6	7	8	9	10	11	12	13	14	15	16	17	18	19	20	21	22	23	24	25	26	27	28	29	30	31	32
4	1	2	3	4	5	6	7	8	9	10	11	12	13	14	15	16	17	18	19	20	21	22	23	24	25	26	27	28	29	30	31	32
5	1	2	3	4	5	6	7	8	9	10	11	12	13	14	15	16	17	18	19	20	21	22	23	24	25	26	27	28	29	30	31	32
6	1	2	3	4	5	6	7	8	9	10	11	12	13	14	15	16	17	18	19	20	21	22	23	24	25	26	27	28	29	30	31	32
7	1	2	3	4	5	6	7	8	9	10	11	12	13	14	15	16	17	18	19	20	21	22	23	24	25	26	27	28	29	30	31	32
8	1	2	3	4	5	6	7	8	9	10	11	12	13	14	15	16	17	18	19	20	21	22	23	24	25	26	27	28	29	30	31	32
9	1	2	3	4	5	6	7	8	9	10	11	12	13	14	15	16	17	18	19	20	21	22	23	24	25	26	27	28	29	30	31	32
10	1	2	3	4	5	6	7	8	9	10	11	12	13	14	15	16	17	18	19	20	21	22	23	24	25	26	27	28	29	30	31	32
11	1	2	3	4	5	6	7	8	9	10	11	12	13	14	15	16	17	18	19	20	21	22	23	24	25	26	27	28	29	30	31	32
12	1	2	3	4	5	6	7	8	9	10	11	12	13	14	15	16	17	18	19	20	21	22	23	24	25	26	27	28	29	30	31	32
13	1	2	3	4	5	6	7	8	9	10	11	12	13	14	15	16	17	18	19	20	21	22	23	24	25	26	27	28	29	30	31	32
14	1	2	3	4	5	6	7	8	9	10	11	12	13	14	15	16	17	18	19	20	21	22	23	24	25	26	27	28	29	30	31	32
15	1	2	3	4	5	6	7	8	9	10	11	12	13	14	15	16	17	18	19	20	21	22	23	24	25	26	27	28	29	30	31	32
16	1	2	3	4	5	6	7	8	9	10	11	12	13	14	15	16	17	18	19	20	21	22	23	24	25	26	27	28	29	30	31	32
17	1	2	3	4	5	6	7	8	9	10	11	12	13	14	15	16	17	18	19	20	21	22	23	24	25	26	27	28	29	30	31	32
18	1	2	3	4	5	6	7	8	9	10	11	12	13	14	15	16	17	18	19	20	21	22	23	24	25	26	27	28	29	30	31	32
19	1	2	3	4	5	6	7	8	9	10	11	12	13	14	15	16	17	18	19	20	21	22	23	24	25	26	27	28	29	30	31	32
20	1	2	3	4	5	6	7	8	9	10	11	12	13	14	15	16	17	18	19	20	21	22	23	24	25	26	27	28	29	30	31	32
21	1	2	3	4	5	6	7	8	9	10	11	12	13	14	15	16	17	18	19	20	21	22	23	24	25	26	27	28	29	30	31	32
22	1	2	3	4	5	6	7	8	9	10	11	12	13	14	15	16	17	18	19	20	21	22	23	24	25	26	27	28	29	30	31	32
23	1	2	3	4	5	6	7	8	9	10	11	12	13	14	15	16	17	18	19	20	21	22	23	24	25	26	27	28	29	30	31	32
24	1	2	3	4	5	6	7	8	9	10	11	12	13	14	15	16	17	18	19	20	21	22	23	24	25	26	27	28	29	30	31	32
25	1	2	3	4	5	6	7	8	9	10	11	12	13	14	15	16	17	18	19	20	21	22	23	24	25	26	27	28	29	30	31	32
26	1	2	3	4	5	6	7	8	9	10	11	12	13	14	15	16	17	18	19	20	21	22	23	24	25	26	27	28	29	30	31	32
27	1	2	3	4	5	6	7	8	9	10	11	12	13	14	15	16	17	18	19	20	21	22	23	24	25	26	27	28	29	30	31	32
28	1	2	3	4	5	6	7	8	9	10	11	12	13	14	15	16	17	18	19	20	21	22	23	24	25	26	27	28	29	30	31	32
29	1	2	3	4	5	6	7	8	9	10	11	12	13	14	15	16	17	18	19	20	21	22	23	24	25	26	27	28	29	30	31	32
30	1	2	3	4	5	6	7	8	9	10	11	12	13	14	15	16	17	18	19	20	21	22	23	24	25	26	27	28	29	30	31	32
31	1	2	3	4	5	6	7	8	9	10	11	12	13	14	15	16	17	18	19	20	21	22	23	24	25	26	27	28	29	30	31	32
32	1	2	3	4	5	6	7	8	9	10	11	12	13	14	15	16	17	18	19	20	21	22	23	24	25	26	27	28	29	30	31	32
'----------------------------------------------------------------------------'
'end'