'TRANSPORT PROPERTIES'
.true. 5d-1			! flag for homogeneous property,	porosity (phi)
'*'
'----------------------------------------------------------------------------'
'MIXING RATIOS'                 ! number of mixing ratios, mixing ratios at each target (including sink/sources and boundary terms)
32.0	0.0	0.34668806854096285	0.5778134475682707	0.06677367603814612	0.007716545591681603	0.0008917447623294575	0.00010305242309450636	1.1909015173700152e-05	1.3762378229317064e-06	1.5904174422840405e-07	1.8379291707977043e-08	2.1239603811298326e-09	2.454505740638099e-10	2.8364928481484226e-11	3.2779274231827646e-12	3.7880610905356193e-13	4.377585276643224e-14	5.058855281442648e-15	5.846149221838658e-16	6.755967273738318e-17	7.80737748419429e-18	9.022415401218409e-19	1.042654589674237e-19	1.2049196861657606e-20	1.3924375958315421e-21	1.6091383360875084e-22	1.8595635549072034e-23	2.148962110965847e-24	2.4834114987352157e-25	2.870274596528141e-26	3.327854604670307e-27	4.159818255837885e-28
32.0	0.0	0.12019261686866328	0.20032102811443855	0.6009630843433158	0.0694489103251345	0.008025702860965126	0.0009274718078505583	0.0001071811365633015	1.2386140406385372e-05	1.4313756980556381e-06	1.6541362537179356e-07	1.9115643430168514e-08	2.2090551665742915e-09	2.552843563333583e-10	2.9501346808644913e-11	3.4092549814820614e-12	3.939826748978906e-13	4.552969753298388e-14	5.261534299654798e-15	6.080370546364493e-16	7.02663973577487e-17	8.120173861096577e-18	9.383891307068144e-19	1.084427717549186e-19	1.2531938362483893e-20	1.4482245024787592e-21	1.673607199416485e-22	1.9340658998692645e-23	2.2350703488616965e-24	2.5832471368753297e-25	2.9950691442032795e-26	3.743836430254101e-27
32.0	0.0	0.041669346195080816	0.0694489103251346	0.20834673097540377	0.6018905561511663	0.06955609146169782	0.008038089001371512	0.0009289031835486137	0.0001073465501886733	1.2405256049815542e-05	1.433584753222212e-06	1.6566890972812727e-07	1.9145144776977208e-08	2.212464421555774e-09	2.5567833900825614e-10	2.954687650617789e-11	3.4145165157817214e-12	3.945907119525273e-13	4.559996393034162e-14	5.2696544735158986e-15	6.089754437671559e-16	7.037484012950372e-17	8.132705799459064e-18	9.398373552092953e-19	1.086101324748605e-19	1.255127902148259e-20	1.4504595728276215e-21	1.676190446553364e-22	1.937060969013472e-23	2.2388141852919544e-24	2.5957265916428443e-25	3.244658239553557e-26
32.0	0.0	0.014446265149737278	0.024077108582895433	0.07223132574868629	0.20866827438509367	0.6019277145723855	0.06956038558879199	0.008038585242247626	0.0009289605304789045	0.00010735317735417306	1.240602190288454e-05	1.4336732572626412e-06	1.6567913749307215e-07	1.9146326725001906e-08	2.2126010106483724e-09	2.5569412361115506e-10	2.9548700617341845e-11	3.4147273149737967e-12	3.946150724741105e-13	4.560277909773378e-14	5.269979801831161e-15	6.090130395822444e-16	7.037918480301118e-17	8.133207881618909e-18	9.398953771862936e-19	1.0861683768590713e-19	1.2552053995623658e-20	1.4505494249019509e-21	1.6763027616462753e-22	1.9374353526565005e-23	2.2463018581524636e-24	2.8078773226905805e-25
32.0	0.0	0.005008347762393037	0.008347246270655051	0.025041738811965156	0.07234280101234375	0.20868115676637616	0.6019292032950139	0.06956055762958285	0.008038605123744127	0.0009289628280381116	0.00010735344286629431	1.24060525861794e-05	1.433676803106719e-06	1.6567954726034996e-07	1.9146374078810597e-08	2.2126064829818636e-09	2.5569475600873167e-10	2.954877369890661e-11	3.4147357604759727e-12	3.946160484590566e-13	4.5602891885179016e-14	5.269992835851692e-15	6.09014545828724e-16	7.037935886894234e-17	8.133227997252067e-18	9.39897702108717e-19	1.0861710724213015e-19	1.2552087690151558e-20	1.4505606564112449e-21	1.6765273918320932e-22	1.9437998745879336e-23	2.429749843234918e-24
32.0	0.0	0.0017363344123254942	0.0028938906872091534	0.00868167206162746	0.02508038595581265	0.0723472671802288	0.2086816728887488	0.6019292629395032	0.06956056452226049	0.008038605920280491	0.0009289629200879959	0.00010735345350382676	1.2406053815481264e-05	1.433676945168145e-06	1.6567956367735037e-07	1.9146375976003324e-08	2.212606702226561e-09	2.5569478134523837e-10	2.9548776626861445e-11	3.4147360988383107e-12	3.9461608756111797e-13	4.5602896403918523e-14	5.269993358049487e-15	6.090146061756248e-16	7.037936584370979e-17	8.133228805920738e-18	9.398978031923012e-19	1.0861714093665825e-19	1.2552155079207332e-20	1.45075159206919e-21	1.6820308313845677e-22	2.1025385392307105e-23
32.0	0.0	0.000601966423750333	0.0010032773729172204	0.003009832118751662	0.008695070565282575	0.025081934322930502	0.0723474461136973	0.20868169356678165	0.6019292653291125	0.06956056479841015	0.008038605952193087	0.0009289629237759035	0.00010735345393001131	1.2406053864732264e-05	1.433676950859723e-06	1.6567956433508445e-07	1.914637605201287e-08	2.2126067110104275e-09	2.556947823603253e-10	2.954877674416765e-11	3.414736112394528e-12	3.9461608912771197e-13	4.560289658495925e-14	5.2699933789738005e-15	6.090146086016324e-16	7.037936614696054e-17	8.133228907004327e-18	9.398980053594703e-19	1.0861771374363234e-19	1.2553806111073093e-20	1.4555137520084742e-21	1.8193921900105935e-22
32.0	0.0	0.00020869457677651367	0.00034782429462752235	0.0010434728838825673	0.003014477220105193	0.008695607365688056	0.025081996357029096	0.07234745328252458	0.20868169439523068	0.6019292654248503	0.06956056480947384	0.008038605953471657	0.0009289629239236586	0.00010735345394708602	1.2406053866705465e-05	1.433676951087751e-06	1.6567956436143626e-07	1.9146376055058143e-08	2.212606711362345e-09	2.556947824009941e-10	2.954877674886741e-11	3.4147361129376543e-12	3.9461608919048505e-13	4.5602896592237355e-14	5.269993379883566e-15	6.090146089048831e-16	7.037936675346207e-17	8.133230625425264e-18	9.399029584550697e-19	1.0863200022345034e-19	1.2595014518660907e-20	1.574376814832614e-21
32.0	0.0	7.235191973762315e-05	0.00012058653289603843	0.0003617595986881154	0.0010450832850989996	0.0030146633224009596	0.008695628872169877	0.02508199884237597	0.07234745356973794	0.20868169442842174	0.6019292654286857	0.06956056480991725	0.008038605953522899	0.0009289629239295781	0.0001073534539477701	1.2406053866784515e-05	1.4336769510968888e-06	1.6567956436249214e-07	1.9146376055180142e-08	2.212606711376446e-09	2.5569478240262334e-10	2.954877674905578e-11	3.4147361129594906e-12	3.9461608919321504e-13	4.5602896593147233e-14	5.269993381703071e-15	6.090146140601462e-16	7.037938161274902e-17	8.133273484864735e-18	9.400265836778344e-19	1.0898858941192281e-19	1.3623573676490358e-20
32.0	0.0	2.5083547309067306e-05	4.180591218177879e-05	0.00012541773654533642	0.0003623179055754161	0.0010451478045444694	0.003014670778441602	0.008695629733809981	0.025081998941949405	0.07234745358124485	0.20868169442975137	0.6019292654288396	0.06956056480993503	0.008038605953524935	0.0009289629239298134	0.00010735345394779725	1.2406053866787676e-05	1.4336769510972532e-06	1.6567956436253406e-07	1.914637605518501e-08	2.2126067113770054e-09	2.5569478240268874e-10	2.9548776749063926e-11	3.4147361129622193e-12	3.946160891986739e-13	4.5602896608612933e-14	5.269993426280923e-15	6.090147426384648e-16	7.037975248841733e-17	8.134343252430148e-18	9.431122611513214e-19	1.1788903264391525e-19
32.0	0.0	8.696166568736402e-06	1.4493610947893984e-05	4.3480832843681956e-05	0.0001256112948817478	0.0003623402736973494	0.0010451503894647989	0.0030146710771619457	0.008695629768330904	0.025081998945938714	0.07234745358170583	0.2086816944298047	0.6019292654288457	0.06956056480993558	0.008038605953525	0.0009289629239298204	0.00010735345394779827	1.2406053866787785e-05	1.4336769510972642e-06	1.6567956436253552e-07	1.9146376055185155e-08	2.212606711377028e-09	2.556947824026965e-10	2.954877674908029e-11	3.414736113008619e-12	3.9461608933240665e-13	4.5602896994347804e-14	5.269994538907928e-15	6.090179519411609e-16	7.038900952083774e-17	8.161044582126114e-18	1.0201305727657648e-18
32.0	0.0	3.0148571914257132e-06	5.024761985709516e-06	1.5074285957128551e-05	4.3547937209482454e-05	0.00012561904964273783	0.00036234116985838595	0.0010451504930275783	0.0030146710891299396	0.008695629769713954	0.025081998946098538	0.07234745358172436	0.208681694429807	0.6019292654288458	0.0695605648099356	0.008038605953524998	0.0009289629239298221	0.00010735345394779838	1.2406053866787786e-05	1.4336769510972655e-06	1.6567956436253547e-07	1.9146376055185198e-08	2.212606711377078e-09	2.5569478240283614e-10	2.954877674948157e-11	3.4147361141658236e-12	3.946160926702878e-13	4.560290662225599e-14	5.2700223100052e-15	6.090980559302497e-16	7.062006445568111e-17	8.827508056960143e-18
32.0	0.0	1.045215016622212e-06	1.7420250277036843e-06	5.226075083111055e-06	1.5097550240098591e-05	4.3550625692592086e-05	0.0001256193603310767	0.000362341205762366	0.0010451504971767391	0.003014671089609427	0.008695629769769364	0.02508199894610497	0.07234745358172516	0.20868169442980705	0.6019292654288458	0.06956056480993558	0.00803860595352501	0.0009289629239298228	0.00010735345394779838	1.2406053866787793e-05	1.433676951097265e-06	1.6567956436253584e-07	1.914637605518563e-08	2.2126067113782863e-09	2.556947824063085e-10	2.9548776759495217e-11	3.4147361430495493e-12	3.9461617598358046e-13	4.5603146934223355e-14	5.270715474809738e-15	6.110974463547522e-16	7.638718079434405e-17
32.0	0.0	3.6236357532276484e-07	6.039392922046073e-07	1.811817876613822e-06	5.234140532439927e-06	1.5098482305115173e-05	4.35507334045322e-05	0.00012561937277855818	0.00036234120720083046	0.0010451504973429716	0.0030146710896286366	0.00869562976977159	0.025081998946105244	0.07234745358172516	0.20868169442980702	0.6019292654288457	0.06956056480993568	0.008038605953525017	0.0009289629239298228	0.00010735345394779842	1.240605386678779e-05	1.4336769510972682e-06	1.6567956436253957e-07	1.9146376055196087e-08	2.212606711408333e-09	2.556947824929597e-10	2.95487770094351e-11	3.4147368639854587e-12	3.946182554779949e-13	4.560914510549693e-14	5.288016823825731e-15	6.610021029782166e-16
32.0	0.0	1.2562712803824693e-07	2.0937854673041129e-07	6.28135640191234e-07	1.8146140716635636e-06	5.234463668260279e-06	1.5098519647559646e-05	4.35507377199255e-05	0.00012561937327725662	0.0003623412072584613	0.001045150497349631	0.0030146710896294076	0.008695629769771685	0.02508199894610524	0.07234745358172513	0.2086816944298069	0.6019292654288461	0.06956056480993568	0.00803860595352501	0.0009289629239298223	0.00010735345394779831	1.2406053866787805e-05	1.4336769510972992e-06	1.6567956436262988e-07	1.9146376055456073e-08	2.2126067121581513e-09	2.556947846557673e-10	2.9548783247918385e-11	3.4147548584992838e-12	3.946701595250431e-13	4.575885907536731e-14	5.7198573844209164e-15
32.0	0.0	4.355342637592803e-08	7.258904395987996e-08	2.1776713187963992e-07	6.291050476522927e-07	1.814726098996998e-06	5.234476614440229e-06	1.5098521143655014e-05	4.3550737892818315e-05	0.00012561937329723654	0.00036234120726077	0.0010451504973498984	0.0030146710896294397	0.008695629769771684	0.02508199894610523	0.07234745358172512	0.208681694429807	0.601929265428846	0.06956056480993561	0.008038605953525003	0.0009289629239298212	0.0001073534539477984	1.2406053866788069e-05	1.4336769510980803e-06	1.6567956436487963e-07	1.9146376061944475e-08	2.2126067308736e-09	2.5569483863930906e-10	2.9548938960059564e-11	3.4152040004088963e-12	3.9596568120682854e-13	4.9495710150853587e-14
32.0	0.0	1.509945326861151e-08	2.5165755447685814e-08	7.549726634305745e-08	2.1810321387994365e-07	6.291438861921451e-07	1.8147305872831202e-06	5.234477133118644e-06	1.5098521203594893e-05	4.355073789974512e-05	0.000125619373298037	0.00036234120726086273	0.00104515049734991	0.003014671089629441	0.008695629769771684	0.02508199894610523	0.07234745358172516	0.20868169442980708	0.6019292654288458	0.0695605648099356	0.008038605953525001	0.0009289629239298228	0.0001073534539478008	1.2406053866794842e-05	1.4336769511175494e-06	1.6567956442102592e-07	1.914637622389511e-08	2.212607198010028e-09	2.556961860650384e-10	2.9552825525104954e-11	3.426414553635357e-12	4.283018192044198e-13
32.0	0.0	5.23480028971945e-09	8.724667149532406e-09	2.6174001448597215e-08	7.561378196261413e-08	2.1811667873831e-07	6.29145442227392e-07	1.8147307671027382e-06	5.234477153899084e-06	1.5098521205996338e-05	4.355073790002262e-05	0.00012561937329806915	0.00036234120726086685	0.0010451504973499103	0.003014671089629441	0.008695629769771682	0.025081998946105244	0.07234745358172519	0.20868169442980705	0.6019292654288458	0.06956056480993561	0.008038605953525017	0.0009289629239298438	0.00010735345394785943	1.2406053866963315e-05	1.4336769516034011e-06	1.6567956582243532e-07	1.9146380266172338e-08	2.2126188577051686e-09	2.557298177247181e-10	2.964983393909775e-11	3.7062292423872206e-12
32.0	0.0	1.8148428016405078e-09	3.024738002734176e-09	9.074214008202526e-09	2.6214396023696173e-08	7.561845006835435e-08	2.1811721819716427e-07	6.291455045687078e-07	1.8147307743070687e-06	5.234477154731636e-06	1.5098521206092542e-05	4.3550737900033775e-05	0.00012561937329807053	0.0003623412072608669	0.00104515049734991	0.0030146710896294406	0.008695629769771689	0.025081998946105258	0.07234745358172516	0.20868169442980705	0.601929265428846	0.06956056480993573	0.008038605953525199	0.000928962923930351	0.00010735345394931728	1.2406053871167543e-05	1.4336769637302336e-06	1.6567960080152112e-07	1.9146481161151416e-08	2.2129098829471497e-09	2.565692617909739e-10	3.207115772387175e-11
32.0	0.0	6.291843456062172e-10	1.0486405760103608e-09	3.1459217280310825e-09	9.088218325423123e-09	2.6216014400259006e-08	7.561863709230263e-08	2.1811723981015484e-07	6.291455070663637e-07	1.8147307745957056e-06	5.234477154764991e-06	1.5098521206096415e-05	4.355073790003428e-05	0.00012561937329807064	0.000362341207260867	0.0010451504973499107	0.003014671089629444	0.008695629769771698	0.02508199894610526	0.07234745358172519	0.2086816944298071	0.6019292654288465	0.06956056480993725	0.00803860595352958	0.0009289629239429654	0.00010735345398569767	1.2406053976104796e-05	1.433677266415173e-06	1.6568047387724723e-07	1.914899949335019e-08	2.2201738543014717e-09	2.7752173178768407e-10
32.0	0.0	2.181307055344336e-10	3.635511758907222e-10	1.0906535276721669e-09	3.150776857719592e-09	9.088779397268051e-09	2.6216079239230953e-08	7.561864458527015e-08	2.1811724067606683e-07	6.291455071664435e-07	1.8147307746073072e-06	5.234477154766443e-06	1.5098521206096906e-05	4.3550737900035205e-05	0.0001256193732980733	0.0003623412072608747	0.0010451504973499335	0.003014671089629509	0.008695629769771878	0.025081998946105792	0.07234745358172674	0.20868169442981166	0.6019292654288595	0.06956056480997516	0.008038605953638735	0.0009289629242577761	0.00010735345489375244	1.240605659533199e-05	1.4336848214117705e-06	1.657022657913102e-07	1.921185690334032e-08	2.401482112917541e-09
32.0	0.0	7.562331299125135e-11	1.2603885498541875e-10	3.7811656495625624e-10	1.092336743206962e-09	3.1509713746354672e-09	9.088801876170746e-09	2.621608183696707e-08	7.561864488551098e-08	2.1811724071087718e-07	6.291455071707941e-07	1.8147307746087575e-06	5.234477154769345e-06	1.5098521206105109e-05	4.355073790005886e-05	0.00012561937329814155	0.0003623412072610718	0.0010451504973505016	0.003014671089631146	0.008695629769776602	0.025081998946119413	0.07234745358176607	0.20868169442992512	0.601929265429187	0.06956056481091963	0.008038605956362882	0.0009289629321154565	0.00010735347755874227	1.2406121971074179e-05	1.4338733936417396e-06	1.6624619056715825e-07	2.078077382089479e-08
32.0	0.0	2.621770031796157e-11	4.369616719660256e-11	1.3108850158980768e-10	3.7870011570388876e-10	1.0924041799150635e-09	3.1509791678438934e-09	9.088802776893323e-09	2.6216081941398675e-08	7.56186448985649e-08	2.181172407152283e-07	6.291455071794969e-07	1.8147307746334163e-06	5.234477154840413e-06	1.5098521206310097e-05	4.355073790065016e-05	0.0001256193732998471	0.00036234120726599134	0.0010451504973646912	0.0030146710896720753	0.008695629769894658	0.02508199894645996	0.07234745358274836	0.20868169443275852	0.6019292654373597	0.06956056483449252	0.00803860602435784	0.0009289631282426832	0.00010735404327543215	1.2407753745401709e-05	1.4385801443944013e-06	1.7982251804930026e-07
32.0	0.0	9.089363887900129e-12	1.5148939813166863e-11	4.5446819439500583e-11	1.3129081171411275e-10	3.787234953291713e-10	1.0924068820828095e-09	3.150979481138704e-09	9.088802816055177e-09	2.621608195445262e-08	7.561864492467276e-08	2.181172407892008e-07	6.291455073927121e-07	1.8147307752484014e-06	5.234477156614299e-06	1.5098521211426763e-05	4.355073791540886e-05	0.00012561937334241768	0.0003623412073887833	0.0010451504977188769	0.0030146710906937017	0.008695629772841483	0.025081998954959887	0.07234745360726588	0.2086816945034778	0.6019292656413443	0.06956056542287423	0.008038607721507926	0.0009289680235656673	0.00010736816352769022	1.2448482727848144e-05	1.5560603409810187e-06
32.0	0.0	3.1511740372164395e-12	5.251956728694059e-12	1.5755870186082175e-11	4.551695831534849e-11	1.3129891821735138e-10	3.7872443521360463e-10	1.0924069995683631e-09	3.150979520300555e-09	9.088802894378872e-09	2.621608217636975e-08	7.561864556431633e-08	2.181172426341593e-07	6.291455127143719e-07	1.8147307905983956e-06	5.234477200890397e-06	1.5098521339138392e-05	4.355073828378505e-05	0.00012561937440497566	0.0003623412104536651	0.0010451505065593363	0.003014671116193455	0.008695629846393922	0.025081999167117303	0.07234745421922062	0.20868169626862262	0.6019292707327946	0.06956058010884328	0.008038650082264709	0.0009290902105130067	0.00010772060411745008	1.3465075514681265e-05
32.0	0.0	1.0924746712475755e-12	1.820791118745957e-12	5.46237335623787e-12	1.5780189695798283e-11	4.5519777968648895e-11	1.3129927067401389e-10	3.787245526991586e-10	1.0924072345394713e-09	3.150980186052026e-09	9.088804813309583e-09	2.6216087711244754e-08	7.56186615292978e-08	2.1811728868414497e-07	6.291456455426688e-07	1.8147311737332917e-06	5.2344783060189866e-06	1.509852452681253e-05	4.3550747478431244e-05	0.00012561940092635618	0.0003623412869529246	0.0010451507272166555	0.0030146717526656594	0.0086956316822581	0.02508200446255242	0.07234746949357118	0.20868174032652947	0.601929397815065	0.06956094666968529	0.00803970740403398	0.0009321399888735052	0.0001165174986091882
32.0	0.0	3.787499295788632e-13	6.312498826314379e-13	1.8937496478943135e-12	5.4708323161391255e-12	1.5781247065785938e-11	4.552013042531142e-11	1.3129997558733894e-10	3.7872654995357964e-10	1.0924129913316256e-09	3.150996790677015e-09	9.088852708253842e-09	2.621622586120254e-08	7.56190600141896e-08	2.1811843808883464e-07	6.291489609284407e-07	1.814740736755711e-06	5.234505889957653e-06	1.509860409095438e-05	4.355097697621058e-05	0.00012562006289831354	0.00036234319636953727	0.0010451562348091745	0.003014687638971013	0.008695677505309984	0.025082136636272935	0.07234785074038215	0.20868284000905565	0.6019325697803729	0.06957009600476673	0.00806609808750919	0.001008262260938649
32.0	0.0	1.31325352467043e-13	2.188755874450714e-13	6.566267623352142e-13	1.8969217578572846e-12	5.471889686126782e-12	1.578336180576125e-11	4.552612218857481e-11	1.31317245963804e-10	3.787763638285536e-10	1.092556676164392e-09	3.1514112405503267e-09	9.090048162929523e-09	2.6219674075271773e-08	7.562900617150546e-08	2.1814712715609251e-07	6.292317127444423e-07	1.8149794291812968e-06	5.23519438329574e-06	1.510059000682678e-05	4.355670522604842e-05	0.00012563658567586971	0.00036239085528559314	0.0010452937039648234	0.003015084160132607	0.008696821245742876	0.025085435683851097	0.07235736663630572	0.20871028801430017	0.6020117418307984	0.06979846282096216	0.008724807852620272
32.0	0.0	4.5678383466797556e-14	7.613063911132917e-14	2.283919173339875e-13	6.597988722981859e-13	1.903265977783228e-12	5.489864975916955e-12	1.583517293515645e-11	4.5675563813497044e-11	1.3174830046210557e-10	3.8001971344848407e-10	1.0961430401914179e-09	3.1617558827580947e-09	9.119886634877136e-09	2.6305741277045377e-08	7.587726161951041e-08	2.188632044328495e-07	6.312971927587117e-07	1.8209371767985178e-06	5.252379132809314e-06	1.5150158339495101e-05	4.3699681974215546e-05	0.00012604899314281497	0.00036358041877037337	0.0010487249252635153	0.0030249813028670872	0.008725368933513424	0.025167779699584593	0.07259488278758265	0.20939538846288638	0.6039878711261317	0.07549848389076648
32.0	0.0	1.712939380004908e-14	2.854898966674843e-14	8.56469690002453e-14	2.4742457711181966e-13	7.137247416687103e-13	2.0586993659688576e-12	5.938189850683668e-12	1.7128336430061384e-11	4.9405612673289573e-11	1.425073925431815e-10	4.110536400717816e-10	1.1856584560342852e-09	3.419957488078925e-09	9.864652978892015e-09	2.84539731073164e-08	8.207370166231854e-08	2.3673644728451685e-07	6.82851441299444e-07	1.9696421748034925e-06	5.681309377310661e-06	1.6387380740330825e-05	4.72683724285556e-05	0.00013634265703888997	0.00039327184697381817	0.0011343679885751573	0.0032720133500675334	0.00943791738734422	0.027223081045343486	0.07852327067358238	0.22649545167229934	0.6533119314590373
0				! indica el final de la lectura de proporciones de mezcla
'*'
'----------------------------------------------------------------------------'
'MIXING WATERS'			! target water index, water indices in 'MIXING RATIOS'
3	1	2	3	4	5	6	7	8	9	10	11	12	13	14	15	16	17	18	19	20	21	22	23	24	25	26	27	28	29	30	31	32
4	1	2	3	4	5	6	7	8	9	10	11	12	13	14	15	16	17	18	19	20	21	22	23	24	25	26	27	28	29	30	31	32
5	1	2	3	4	5	6	7	8	9	10	11	12	13	14	15	16	17	18	19	20	21	22	23	24	25	26	27	28	29	30	31	32
6	1	2	3	4	5	6	7	8	9	10	11	12	13	14	15	16	17	18	19	20	21	22	23	24	25	26	27	28	29	30	31	32
7	1	2	3	4	5	6	7	8	9	10	11	12	13	14	15	16	17	18	19	20	21	22	23	24	25	26	27	28	29	30	31	32
8	1	2	3	4	5	6	7	8	9	10	11	12	13	14	15	16	17	18	19	20	21	22	23	24	25	26	27	28	29	30	31	32
9	1	2	3	4	5	6	7	8	9	10	11	12	13	14	15	16	17	18	19	20	21	22	23	24	25	26	27	28	29	30	31	32
10	1	2	3	4	5	6	7	8	9	10	11	12	13	14	15	16	17	18	19	20	21	22	23	24	25	26	27	28	29	30	31	32
11	1	2	3	4	5	6	7	8	9	10	11	12	13	14	15	16	17	18	19	20	21	22	23	24	25	26	27	28	29	30	31	32
12	1	2	3	4	5	6	7	8	9	10	11	12	13	14	15	16	17	18	19	20	21	22	23	24	25	26	27	28	29	30	31	32
13	1	2	3	4	5	6	7	8	9	10	11	12	13	14	15	16	17	18	19	20	21	22	23	24	25	26	27	28	29	30	31	32
14	1	2	3	4	5	6	7	8	9	10	11	12	13	14	15	16	17	18	19	20	21	22	23	24	25	26	27	28	29	30	31	32
15	1	2	3	4	5	6	7	8	9	10	11	12	13	14	15	16	17	18	19	20	21	22	23	24	25	26	27	28	29	30	31	32
16	1	2	3	4	5	6	7	8	9	10	11	12	13	14	15	16	17	18	19	20	21	22	23	24	25	26	27	28	29	30	31	32
17	1	2	3	4	5	6	7	8	9	10	11	12	13	14	15	16	17	18	19	20	21	22	23	24	25	26	27	28	29	30	31	32
18	1	2	3	4	5	6	7	8	9	10	11	12	13	14	15	16	17	18	19	20	21	22	23	24	25	26	27	28	29	30	31	32
19	1	2	3	4	5	6	7	8	9	10	11	12	13	14	15	16	17	18	19	20	21	22	23	24	25	26	27	28	29	30	31	32
20	1	2	3	4	5	6	7	8	9	10	11	12	13	14	15	16	17	18	19	20	21	22	23	24	25	26	27	28	29	30	31	32
21	1	2	3	4	5	6	7	8	9	10	11	12	13	14	15	16	17	18	19	20	21	22	23	24	25	26	27	28	29	30	31	32
22	1	2	3	4	5	6	7	8	9	10	11	12	13	14	15	16	17	18	19	20	21	22	23	24	25	26	27	28	29	30	31	32
23	1	2	3	4	5	6	7	8	9	10	11	12	13	14	15	16	17	18	19	20	21	22	23	24	25	26	27	28	29	30	31	32
24	1	2	3	4	5	6	7	8	9	10	11	12	13	14	15	16	17	18	19	20	21	22	23	24	25	26	27	28	29	30	31	32
25	1	2	3	4	5	6	7	8	9	10	11	12	13	14	15	16	17	18	19	20	21	22	23	24	25	26	27	28	29	30	31	32
26	1	2	3	4	5	6	7	8	9	10	11	12	13	14	15	16	17	18	19	20	21	22	23	24	25	26	27	28	29	30	31	32
27	1	2	3	4	5	6	7	8	9	10	11	12	13	14	15	16	17	18	19	20	21	22	23	24	25	26	27	28	29	30	31	32
28	1	2	3	4	5	6	7	8	9	10	11	12	13	14	15	16	17	18	19	20	21	22	23	24	25	26	27	28	29	30	31	32
29	1	2	3	4	5	6	7	8	9	10	11	12	13	14	15	16	17	18	19	20	21	22	23	24	25	26	27	28	29	30	31	32
30	1	2	3	4	5	6	7	8	9	10	11	12	13	14	15	16	17	18	19	20	21	22	23	24	25	26	27	28	29	30	31	32
31	1	2	3	4	5	6	7	8	9	10	11	12	13	14	15	16	17	18	19	20	21	22	23	24	25	26	27	28	29	30	31	32
32	1	2	3	4	5	6	7	8	9	10	11	12	13	14	15	16	17	18	19	20	21	22	23	24	25	26	27	28	29	30	31	32
'----------------------------------------------------------------------------'
'end'