'TRANSPORT PROPERTIES'
.true. 5d-1			! flag for homogeneous property,	porosity (phi)
'*'
'----------------------------------------------------------------------------'
'MIXING RATIOS'                 ! number of mixing ratios, mixing ratios at each target (including sink/sources and boundary terms)
32.0	0.0	0.27491721763465043	0.6872930440884369	0.03582021927268114	0.0018668719548074668	9.729730767741858e-05	5.070924150366051e-06	2.6428554245323285e-07	1.3773987911997766e-08	7.178703051205815e-10	3.741383964226033e-11	1.949927983915766e-12	1.0162600734951152e-13	5.2965265666186415e-15	2.760434499253398e-16	1.438678448757981e-17	7.498079304111294e-19	3.907835923953558e-20	2.0366791266356117e-21	1.0614728830980708e-22	5.532165900937801e-24	2.883244597466682e-25	1.5026844020371083e-26	7.831664417613528e-28	4.0816932329214225e-29	2.1272897763876197e-30	1.1086971839073253e-31	5.778288705277199e-33	3.0115189369548617e-34	1.5695536964130325e-35	8.185128508425963e-37	4.424393788338358e-38
32.0	0.0	0.08596852625420828	0.214921315636087	0.6626740565446014	0.03453713116393815	0.0018000001920322444	9.3812096781772e-05	4.88928253538481e-06	2.548187763719588e-07	1.3280600644730764e-08	6.921560333818165e-10	3.607366770244169e-11	1.880081135965964e-12	9.798574148244492e-14	5.106803823618789e-15	2.661555130202266e-16	1.3871446712605902e-17	7.229496459314087e-19	3.767856384275884e-20	1.963724833731432e-21	1.0234506916734938e-22	5.334002505313364e-24	2.779966143768652e-25	1.4488579172585034e-26	7.551132480904635e-28	3.935486086317098e-29	2.0510897902285526e-30	1.0689834104762823e-31	5.571310033366497e-33	2.903674338364112e-34	1.5142487740588038e-35	8.185128508425966e-37
32.0	0.0	0.026882956149156652	0.0672073903730687	0.20722278698362848	0.6622728259679493	0.034516219898564265	0.0017989103423423582	9.375529618528444e-05	4.886322211781212e-06	2.546644907415265e-07	1.3272559613091863e-08	6.917369522941185e-10	3.6051826107239244e-11	1.878942799507965e-12	9.792641386101438e-14	5.1037117969689415e-15	2.659943633133484e-16	1.3863047940225261e-17	7.225119201739839e-19	3.765575052790409e-20	1.9625358533576867e-21	1.0228310209513062e-22	5.330772916226647e-24	2.7782829521484015e-25	1.4479806743788757e-26	7.546560481735087e-28	3.9331032599112394e-29	2.049847918197088e-30	1.068336342884738e-31	5.567991738025238e-33	2.9036743383641127e-34	1.5695536964130336e-35
32.0	0.0	0.008406487383306809	0.021016218458322397	0.06480000691316071	0.20709731939138573	0.6622662868698099	0.034515879094985366	0.0017988925804007386	9.375437047150193e-05	4.886273965591384e-06	2.5466197625500054e-07	1.3272428563520666e-08	6.917301222753697e-10	3.605147014151066e-11	1.8789242473480685e-12	9.792544696277305e-14	5.10366140433466e-15	2.6599173695880424e-16	1.3862911060336138e-17	7.225047862917415e-19	3.765537872547081e-20	1.9625164758231677e-21	1.0228209218015845e-22	5.3307202816538755e-24	2.778255520153381e-25	1.4479663774204398e-26	7.5464859694132065e-28	3.933064435855746e-29	2.049828008425041e-30	1.0683363428847372e-31	5.5713100333664944e-33	3.011518936954861e-34
32.0	0.0	0.002628767079542834	0.0065719176988744	0.020263412904862728	0.06476077232432495	0.20709527456991222	0.6622661802981602	0.03451587354070268	0.0017988922909235995	9.375435538458278e-05	4.886273179293957e-06	2.5466193527488814e-07	1.3272426427726267e-08	6.917300109624098e-10	3.605146434012123e-11	1.8789239449922596e-12	9.792543120464572e-14	5.103660583055328e-15	2.6599169415551064e-16	1.3862908829521528e-17	7.225046700265343e-19	3.7655372665980966e-20	1.962516160015729e-21	1.0228207572096147e-22	5.330719423836357e-24	2.7782550730794455e-25	1.447966144476107e-26	7.546484774826877e-28	3.9330644358557435e-29	2.049847918197085e-30	1.0689834104762812e-31	5.778288705277194e-33
32.0	0.0	0.0008220337512443692	0.0020550843781163377	0.006336510165858707	0.02025114397602145	0.06476013289442659	0.20709524124421602	0.6622661785612974	0.03451587345018116	0.0017988922862058148	9.375435513870211e-05	4.8862731664791915e-06	2.5466193460700986e-07	1.327242639291792e-08	6.917300091482752e-10	3.60514642455724e-11	1.8789239400645823e-12	9.792543094782603e-14	5.103660569670438e-15	2.6599169345791917e-16	1.3862908793164586e-17	7.225046681316894e-19	3.7655372567225736e-20	1.9625161548688244e-21	1.0228207545271687e-22	5.33071940985969e-24	2.7782550659119275e-25	1.4479661444761056e-26	7.546485969413193e-28	3.93310325991123e-29	2.051089790228548e-30	1.1086971839073231e-31
32.0	0.0	0.0002570556720081898	0.0006426391800221676	0.0019814708050683496	0.006332673586468455	0.020250944021844415	0.06476012247324957	0.20709524070108695	0.6622661785329906	0.034515873448705874	0.0017988922861289266	9.375435513469486e-05	4.886273166270332e-06	2.5466193459612485e-07	1.327242639235063e-08	6.917300091187078e-10	3.6051464244031463e-11	1.8789239399842747e-12	9.792543094364042e-14	5.103660569452292e-15	2.659916934465501e-16	1.3862908792572052e-17	7.225046681008072e-19	3.7655372565616285e-20	1.96251615478496e-21	1.0228207544841623e-22	5.330719409859689e-24	2.7782550730794432e-25	1.4479663774204375e-26	7.54656048173507e-28	3.93548608631709e-29	2.1272897763876158e-30
32.0	0.0	8.038309669348222e-05	0.00020095774173423502	0.0006196197036805578	0.001980271080006111	0.006332611059406434	0.020250940763069877	0.06476012230340933	0.20709524069223528	0.6622661785325293	0.03451587344868184	0.0017988922861276735	9.375435513462936e-05	4.886273166266924e-06	2.546619345959475e-07	1.327242639234136e-08	6.917300091182257e-10	3.605146424400638e-11	1.8789239399829644e-12	9.792543094357214e-14	5.1036605694487366e-15	2.6599169344636473e-16	1.3862908792562377e-17	7.225046681003041e-19	3.76553725655904e-20	1.9625161547849573e-21	1.0228207545271672e-22	5.330719423836344e-24	2.778255520153372e-25	1.4479806743788703e-26	7.5511324809046085e-28	4.081693232921409e-29
32.0	0.0	2.5136353473763654e-05	6.284088368457471e-05	0.00019375939136077197	0.0006192445413084145	0.001980251527358884	0.006332610040364968	0.020250940709959656	0.06476012230064136	0.20709524069209104	0.6622661785325219	0.03451587344868145	0.0017988922861276496	9.375435513462822e-05	4.886273166266869e-06	2.546619345959441e-07	1.3272426392341204e-08	6.917300091182184e-10	3.6051464244005944e-11	1.878923939982942e-12	9.792543094357101e-14	5.103660569448677e-15	2.6599169344636137e-16	1.3862908792562225e-17	7.225046681003026e-19	3.765537256561615e-20	1.962516154868817e-21	1.0228207572096098e-22	5.330720281653847e-24	2.778282952148385e-25	1.4488579172584953e-26	7.831664417613487e-28
32.0	0.0	7.860312577497683e-06	1.9650781443795984e-05	6.058990945170427e-05	0.00019364207547740663	0.0006192384270596207	0.0019802512086975316	0.006332610023757038	0.02025094070909411	0.06476012230059632	0.20709524069208887	0.6622661785325225	0.03451587344868141	0.0017988922861276492	9.37543551346283e-05	4.886273166266864e-06	2.546619345959442e-07	1.3272426392341227e-08	6.917300091182184e-10	3.605146424400595e-11	1.878923939982943e-12	9.792543094357105e-14	5.103660569448674e-15	2.6599169344636167e-16	1.3862908792562363e-17	7.225046681008055e-19	3.7655372567225646e-20	1.9625161600157217e-21	1.0228209218015804e-22	5.3307729162266204e-24	2.7799661437686395e-25	1.502684402037102e-26
32.0	0.0	2.4579744186226634e-06	6.144936046572849e-06	1.894688614359961e-05	6.055322395893673e-05	0.0001936401635092777	0.0006192383274119961	0.0019802512035041065	0.006332610023486345	0.020250940709079925	0.06476012230059533	0.20709524069208807	0.6622661785325217	0.0345158734486814	0.0017988922861276507	9.37543551346282e-05	4.886273166266867e-06	2.546619345959447e-07	1.3272426392341226e-08	6.917300091182184e-10	3.605146424400597e-11	1.878923939982944e-12	9.7925430943571e-14	5.10366056944868e-15	2.6599169344636433e-16	1.3862908792572013e-17	7.225046681316873e-19	3.7655372665980816e-20	1.962516475823159e-21	1.0228310209513009e-22	5.3340025053133386e-24	2.8832445974666685e-25
32.0	0.0	7.686256981559868e-07	1.92156424539503e-06	5.924823089968008e-06	1.8935414334830227e-05	6.0552626073203547e-05	0.00019364013234877308	0.0006192383257879782	0.001980251203419466	0.0063326100234819315	0.020250940709079686	0.0647601223005953	0.20709524069208857	0.6622661785325217	0.034515873448681435	0.0017988922861276494	9.375435513462827e-05	4.886273166266877e-06	2.5466193459594465e-07	1.3272426392341229e-08	6.917300091182189e-10	3.6051464244005995e-11	1.878923939982943e-12	9.792543094357113e-14	5.103660569448732e-15	2.659916934465495e-16	1.3862908793164554e-17	7.225046700265319e-19	3.765537872547067e-20	1.9625358533576777e-21	1.0234506916734895e-22	5.53216590093778e-24
32.0	0.0	2.4035460230575875e-07	6.0088650576598e-07	1.8527333927784382e-06	5.921235775568939e-06	1.893522737180264e-05	6.055261632909707e-05	0.0001936401318409316	0.0006192383257615111	0.001980251203418089	0.0063326100234818656	0.020250940709079707	0.06476012230059554	0.2070952406920888	0.6622661785325225	0.034515873448681414	0.0017988922861276512	9.375435513462848e-05	4.886273166266876e-06	2.546619345959448e-07	1.3272426392341242e-08	6.917300091182196e-10	3.605146424400598e-11	1.878923939982946e-12	9.792543094357212e-14	5.1036605694522865e-15	2.6599169345791883e-16	1.3862908829521497e-17	7.225047862917394e-19	3.7655750527903954e-20	1.9637248337314256e-21	1.0614728830980675e-22
32.0	0.0	7.516055602636786e-08	1.879013900664147e-07	5.793626193714452e-07	1.8516116146127987e-06	5.921177310929685e-06	1.8935224324752673e-05	6.055261617029119e-05	0.00019364013183265414	0.0006192383257610772	0.0019802512034180577	0.006332610023481838	0.020250940709079672	0.06476012230059526	0.20709524069208796	0.6622661785325215	0.03451587344868142	0.0017988922861276533	9.375435513462838e-05	4.886273166266875e-06	2.5466193459594486e-07	1.327242639234124e-08	6.917300091182188e-10	3.6051464244006e-11	1.8789239399829632e-12	9.792543094364026e-14	5.103660569670428e-15	2.659916941555099e-16	1.386291106033609e-17	7.225119201739809e-19	3.7678563842758693e-20	2.0366791266356045e-21
32.0	0.0	2.3503228679626016e-08	5.8758071699219857e-08	1.811707210725945e-07	5.790118315360635e-07	1.8515933323134398e-06	5.921176358096001e-06	1.8935224275093083e-05	6.055261616770314e-05	0.00019364013183251967	0.0006192383257610713	0.0019802512034180608	0.006332610023481866	0.020250940709079714	0.06476012230059541	0.2070952406920889	0.6622661785325217	0.034515873448681456	0.0017988922861276516	9.375435513462835e-05	4.886273166266875e-06	2.5466193459594475e-07	1.3272426392341227e-08	6.917300091182192e-10	3.605146424400634e-11	1.8789239399842707e-12	9.792543094782579e-14	5.1036605830553124e-15	2.6599173695880325e-16	1.3863047940225198e-17	7.229496459314057e-19	3.907835923953543e-20
32.0	0.0	7.349623094499202e-09	1.8374057736296417e-08	5.665334468691393e-08	1.8106102727642132e-07	5.790061145338833e-07	1.851593034355717e-06	5.921176342567094e-06	1.8935224274283756e-05	6.055261616766103e-05	0.00019364013183251755	0.0006192383257610716	0.0019802512034180677	0.006332610023481871	0.02025094070907973	0.06476012230059562	0.20709524069208873	0.662266178532522	0.034515873448681414	0.0017988922861276505	9.375435513462834e-05	4.886273166266872e-06	2.5466193459594444e-07	1.3272426392341227e-08	6.917300091182254e-10	3.605146424403141e-11	1.878923940064579e-12	9.792543120464546e-14	5.1036614043346435e-15	2.659943633133473e-16	1.387144671260585e-17	7.498079304111268e-19
32.0	0.0	2.298278264978163e-09	5.745695662460546e-09	1.7715894959253345e-08	5.6619042673830074e-08	1.810592395300721e-07	5.790060213604292e-07	1.8515930294997147e-06	5.921176342313997e-06	1.8935224274270536e-05	6.05526161676602e-05	0.00019364013183251715	0.000619238325761072	0.0019802512034180634	0.00633261002348186	0.020250940709079745	0.0647601223005954	0.2070952406920883	0.6622661785325216	0.034515873448681414	0.0017988922861276512	9.375435513462831e-05	4.886273166266868e-06	2.546619345959446e-07	1.3272426392341356e-08	6.917300091187068e-10	3.605146424557233e-11	1.8789239449922543e-12	9.79254469627727e-14	5.10371179696892e-15	2.661555130202256e-16	1.4386784487579758e-17
32.0	0.0	7.186876000790298e-10	1.7967190002023084e-09	5.539883583957116e-09	1.7705168481160284e-08	5.6618483633111385e-08	1.8105921039408526e-07	5.790060198419246e-07	1.851593029420573e-06	5.9211763423098736e-06	1.893522427427032e-05	6.055261616766018e-05	0.00019364013183251764	0.0006192383257610719	0.0019802512034180642	0.006332610023481875	0.020250940709079714	0.06476012230059539	0.20709524069208857	0.6622661785325217	0.03451587344868143	0.0017988922861276507	9.375435513462827e-05	4.886273166266872e-06	2.546619345959471e-07	1.3272426392350594e-08	6.91730009148273e-10	3.6051464340121087e-11	1.87892424734806e-12	9.792641386101386e-14	5.106803823618765e-15	2.760434499253385e-16
32.0	0.0	2.2473861167210032e-10	5.618465291817312e-10	1.732360131643671e-09	5.536529339644987e-09	1.7704993665238924e-08	5.661847452208566e-08	1.810592099192384e-07	5.790060198171768e-07	1.8515930294192847e-06	5.921176342309809e-06	1.8935224274270322e-05	6.055261616766037e-05	0.00019364013183251774	0.0006192383257610726	0.0019802512034180703	0.006332610023481871	0.02025094070907972	0.06476012230059551	0.20709524069208868	0.662266178532522	0.03451587344868142	0.00179889228612765	9.375435513462834e-05	4.88627316626692e-06	2.546619345961244e-07	1.327242639291789e-08	6.917300109624077e-10	3.6051470141510534e-11	1.878942799507957e-12	9.798574148244454e-14	5.2965265666186226e-15
32.0	0.0	7.027732713177329e-11	1.7569331782989613e-10	5.417210633088463e-10	1.731311236115438e-09	5.536474673490365e-09	1.7704990816157775e-08	5.6618474373597656e-08	1.8105920991149933e-07	5.79006019816773e-07	1.8515930294192614e-06	5.921176342309801e-06	1.893522427427035e-05	6.05526161676603e-05	0.00019364013183251764	0.0006192383257610733	0.001980251203418065	0.006332610023481863	0.020250940709079724	0.06476012230059544	0.20709524069208846	0.6622661785325221	0.03451587344868142	0.0017988922861276518	9.375435513462929e-05	4.886273166270324e-06	2.546619346070093e-07	1.3272426427726227e-08	6.917301222753673e-10	3.605182610723909e-11	1.880081135965957e-12	1.0162600734951116e-13
32.0	0.0	2.1976209036977885e-11	5.494052259258947e-11	1.6939994466048412e-10	5.413930663811431e-10	1.7312941416286344e-09	5.5364737825628685e-09	1.7704990769724534e-08	5.6618474371177563e-08	1.8105920991137296e-07	5.790060198167654e-07	1.8515930294192576e-06	5.921176342309807e-06	1.893522427427032e-05	6.0552616167660235e-05	0.00019364013183251774	0.0006192383257610715	0.001980251203418062	0.00633261002348186	0.020250940709079693	0.06476012230059534	0.2070952406920884	0.6622661785325219	0.03451587344868145	0.00179889228612767	9.37543551346946e-05	4.8862731664791746e-06	2.5466193527488703e-07	1.3272428563520604e-08	6.917369522941146e-10	3.60736677024415e-11	1.949927983915756e-12
32.0	0.0	6.872113430429546e-12	1.7180283576119132e-11	5.297254102636731e-11	1.6929737773967424e-10	5.413877208162134e-10	1.731293863029414e-09	5.536473768042888e-09	1.770499076896781e-08	5.661847437113821e-08	1.810592099113711e-07	5.79006019816766e-07	1.8515930294192652e-06	5.921176342309816e-06	1.8935224274270356e-05	6.055261616766047e-05	0.00019364013183251774	0.0006192383257610723	0.001980251203418067	0.006332610023481869	0.020250940709079724	0.06476012230059551	0.20709524069208893	0.6622661785325228	0.034515873448681816	0.0017988922861289238	9.375435513870192e-05	4.886273179293943e-06	2.5466197625499975e-07	1.327255961309181e-08	6.92156033381814e-10	3.741383964226021e-11
32.0	0.0	2.148957671508609e-12	5.3723941787856776e-12	1.6564882051255833e-11	5.294046763678396e-11	1.6929570614433856e-10	5.413876336963028e-10	1.7312938584889256e-09	5.536473767806289e-09	1.7704990768955613e-08	5.6618474371138e-08	1.8105920991137246e-07	5.79006019816772e-07	1.8515930294192794e-06	5.921176342309864e-06	1.8935224274270546e-05	6.055261616766084e-05	0.00019364013183251924	0.0006192383257610779	0.001980251203418082	0.0063326100234819185	0.020250940709079908	0.06476012230059609	0.20709524069209048	0.6622661785325294	0.034515873448705846	0.0017988922862058124	9.375435538458256e-05	4.886273965591371e-06	2.5466449074152564e-07	1.3280600644730723e-08	7.178703051205795e-10
32.0	0.0	6.71994011840726e-13	1.6799850296062414e-12	5.17995384128591e-12	1.655485247924487e-11	5.293994491733151e-11	1.692956789014532e-10	5.413876322768337e-10	1.7312938584161331e-09	5.536473767806293e-09	1.770499076896775e-08	5.6618474371177444e-08	1.8105920991149911e-07	5.790060198171757e-07	1.8515930294205711e-06	5.921176342314004e-06	1.8935224274283716e-05	6.0552616167703054e-05	0.0001936401318326544	0.0006192383257615094	0.001980251203419463	0.006332610023486341	0.020250940709094046	0.06476012230064121	0.2070952406922354	0.662266178532991	0.03451587345018115	0.0017988922909235976	9.37543704715018e-05	4.886322211781203e-06	2.548187763719584e-07	1.377398791199775e-08
32.0	0.0	2.1013720184249362e-13	5.253430046076182e-13	1.619807597540156e-12	5.176817524570915e-12	1.6554689021932118e-11	5.293993640051753e-11	1.6929567846469314e-10	5.413876322768327e-10	1.7312938584889242e-09	5.536473768042861e-09	1.7704990769724467e-08	5.66184743735975e-08	1.810592099192377e-07	5.79006019841923e-07	1.8515930294997134e-06	5.92117634256707e-06	1.8935224275093018e-05	6.055261617029117e-05	0.00019364013184093072	0.0006192383257879761	0.001980251203504102	0.0063326100237570074	0.02025094070995958	0.06476012230340927	0.20709524070108673	0.6622661785612975	0.03451587354070266	0.0017988925804007367	9.37552961852843e-05	4.889282535384804e-06	2.6428554245323263e-07
32.0	0.0	6.571136488427482e-14	1.6427841221111987e-13	5.065251043176194e-13	1.6188268536637466e-12	5.176766423687574e-12	1.6554686401373987e-11	5.293993640051746e-11	1.6929567890145267e-10	5.413876336963016e-10	1.7312938630294034e-09	5.536473782562841e-09	1.7704990816157702e-08	5.661847452208537e-08	1.8105921039408451e-07	5.790060213604281e-07	1.8515930343557072e-06	5.921176358095975e-06	1.893522432475265e-05	6.0552616329096746e-05	0.0001936401323487722	0.0006192383274119941	0.0019802512086975203	0.006332610040364939	0.020250940763069842	0.06476012247324944	0.20709524124421594	0.6622661802981604	0.034515879094985366	0.0017989103423423575	9.381209678177197e-05	5.070924150366052e-06
32.0	0.0	2.0548404188397262e-14	5.13710104711285e-14	1.583939489526462e-13	5.062184990175799e-13	1.618811130315027e-12	5.1767664236875725e-12	1.6554689021932086e-11	5.2939944917331325e-11	1.692957061443381e-10	5.413877208162099e-10	1.7312941416286247e-09	5.536474673490341e-09	1.770499366523883e-08	5.6618483633111146e-08	1.810592395300717e-07	5.790061145338801e-07	1.8515933323134311e-06	5.921177310929676e-06	1.8935227371802532e-05	6.055262607320326e-05	0.00019364016350927702	0.0006192384270596169	0.0019802515273588737	0.006332611059406417	0.020250944021844363	0.0647601328944265	0.20709527456991214	0.6622662868698104	0.03451621989856428	0.0018000001920322453	9.729730767741865e-05
32.0	0.0	6.425692368097777e-15	1.606423092028677e-14	4.953137867088419e-14	1.5829960886032619e-13	5.062184990175794e-13	1.6188268536637448e-12	5.176817524570902e-12	1.6554852479244798e-11	5.294046763678376e-11	1.6929737773967297e-10	5.413930663811396e-10	1.7313112361154284e-09	5.536529339644951e-09	1.7705168481160185e-08	5.6619042673829876e-08	1.8106102727642004e-07	5.7901183153606e-07	1.851611614612793e-06	5.921235775568897e-06	1.893541433483011e-05	6.055322395893643e-05	0.0001936420754774052	0.0006192445413084103	0.0019802710800061038	0.006332673586468431	0.020251143976021405	0.06476077232432484	0.20709731939138556	0.6622728259679496	0.03453713116393817	0.0018668719548074679
32.0	0.0	2.0105760475231936e-15	5.026440118821228e-15	1.549819036636545e-14	4.9531378670884286e-14	1.5839394895264637e-13	5.065251043176197e-13	1.6198075975401547e-12	5.179953841285896e-12	1.65648820512558e-11	5.297254102636701e-11	1.6939994466048335e-10	5.417210633088443e-10	1.7323601316436626e-09	5.539883583957098e-09	1.7715894959253316e-08	5.665334468691366e-08	1.8117072107259376e-07	5.793626193714445e-07	1.852733392778428e-06	5.924823089967982e-06	1.8946886143599557e-05	6.058990945170394e-05	0.00019375939136077102	0.0006196197036805566	0.0019814708050683457	0.006336510165858704	0.020263412904862735	0.06480000691316079	0.20722278698362898	0.6626740565446009	0.03582021927268112
32.0	0.0	6.520787181156302e-16	1.6301967952933706e-15	5.0264401188212245e-15	1.6064230920286794e-14	5.137101047112854e-14	1.642784122111199e-13	5.253430046076175e-13	1.6799850296062364e-12	5.372394178785664e-12	1.7180283576119022e-11	5.494052259258918e-11	1.756933178298954e-10	5.618465291817284e-10	1.7967190002023014e-09	5.745695662460534e-09	1.8374057736296318e-08	5.8758071699219585e-08	1.8790139006641442e-07	6.008865057659766e-07	1.921564245395021e-06	6.144936046572828e-06	1.965078144379587e-05	6.284088368457438e-05	0.00020095774173423456	0.0006426391800221661	0.002055084378116336	0.006571917698874399	0.021016218458322418	0.06720739037306883	0.21492131563608668	0.6872930440884372
0				! indica el final de la lectura de proporciones de mezcla
'*'
'----------------------------------------------------------------------------'
'MIXING WATERS'			! target water index, water indices in 'MIXING RATIOS'
3	1	2	3	4	5	6	7	8	9	10	11	12	13	14	15	16	17	18	19	20	21	22	23	24	25	26	27	28	29	30	31	32
4	1	2	3	4	5	6	7	8	9	10	11	12	13	14	15	16	17	18	19	20	21	22	23	24	25	26	27	28	29	30	31	32
5	1	2	3	4	5	6	7	8	9	10	11	12	13	14	15	16	17	18	19	20	21	22	23	24	25	26	27	28	29	30	31	32
6	1	2	3	4	5	6	7	8	9	10	11	12	13	14	15	16	17	18	19	20	21	22	23	24	25	26	27	28	29	30	31	32
7	1	2	3	4	5	6	7	8	9	10	11	12	13	14	15	16	17	18	19	20	21	22	23	24	25	26	27	28	29	30	31	32
8	1	2	3	4	5	6	7	8	9	10	11	12	13	14	15	16	17	18	19	20	21	22	23	24	25	26	27	28	29	30	31	32
9	1	2	3	4	5	6	7	8	9	10	11	12	13	14	15	16	17	18	19	20	21	22	23	24	25	26	27	28	29	30	31	32
10	1	2	3	4	5	6	7	8	9	10	11	12	13	14	15	16	17	18	19	20	21	22	23	24	25	26	27	28	29	30	31	32
11	1	2	3	4	5	6	7	8	9	10	11	12	13	14	15	16	17	18	19	20	21	22	23	24	25	26	27	28	29	30	31	32
12	1	2	3	4	5	6	7	8	9	10	11	12	13	14	15	16	17	18	19	20	21	22	23	24	25	26	27	28	29	30	31	32
13	1	2	3	4	5	6	7	8	9	10	11	12	13	14	15	16	17	18	19	20	21	22	23	24	25	26	27	28	29	30	31	32
14	1	2	3	4	5	6	7	8	9	10	11	12	13	14	15	16	17	18	19	20	21	22	23	24	25	26	27	28	29	30	31	32
15	1	2	3	4	5	6	7	8	9	10	11	12	13	14	15	16	17	18	19	20	21	22	23	24	25	26	27	28	29	30	31	32
16	1	2	3	4	5	6	7	8	9	10	11	12	13	14	15	16	17	18	19	20	21	22	23	24	25	26	27	28	29	30	31	32
17	1	2	3	4	5	6	7	8	9	10	11	12	13	14	15	16	17	18	19	20	21	22	23	24	25	26	27	28	29	30	31	32
18	1	2	3	4	5	6	7	8	9	10	11	12	13	14	15	16	17	18	19	20	21	22	23	24	25	26	27	28	29	30	31	32
19	1	2	3	4	5	6	7	8	9	10	11	12	13	14	15	16	17	18	19	20	21	22	23	24	25	26	27	28	29	30	31	32
20	1	2	3	4	5	6	7	8	9	10	11	12	13	14	15	16	17	18	19	20	21	22	23	24	25	26	27	28	29	30	31	32
21	1	2	3	4	5	6	7	8	9	10	11	12	13	14	15	16	17	18	19	20	21	22	23	24	25	26	27	28	29	30	31	32
22	1	2	3	4	5	6	7	8	9	10	11	12	13	14	15	16	17	18	19	20	21	22	23	24	25	26	27	28	29	30	31	32
23	1	2	3	4	5	6	7	8	9	10	11	12	13	14	15	16	17	18	19	20	21	22	23	24	25	26	27	28	29	30	31	32
24	1	2	3	4	5	6	7	8	9	10	11	12	13	14	15	16	17	18	19	20	21	22	23	24	25	26	27	28	29	30	31	32
25	1	2	3	4	5	6	7	8	9	10	11	12	13	14	15	16	17	18	19	20	21	22	23	24	25	26	27	28	29	30	31	32
26	1	2	3	4	5	6	7	8	9	10	11	12	13	14	15	16	17	18	19	20	21	22	23	24	25	26	27	28	29	30	31	32
27	1	2	3	4	5	6	7	8	9	10	11	12	13	14	15	16	17	18	19	20	21	22	23	24	25	26	27	28	29	30	31	32
28	1	2	3	4	5	6	7	8	9	10	11	12	13	14	15	16	17	18	19	20	21	22	23	24	25	26	27	28	29	30	31	32
29	1	2	3	4	5	6	7	8	9	10	11	12	13	14	15	16	17	18	19	20	21	22	23	24	25	26	27	28	29	30	31	32
30	1	2	3	4	5	6	7	8	9	10	11	12	13	14	15	16	17	18	19	20	21	22	23	24	25	26	27	28	29	30	31	32
31	1	2	3	4	5	6	7	8	9	10	11	12	13	14	15	16	17	18	19	20	21	22	23	24	25	26	27	28	29	30	31	32
32	1	2	3	4	5	6	7	8	9	10	11	12	13	14	15	16	17	18	19	20	21	22	23	24	25	26	27	28	29	30	31	32
'----------------------------------------------------------------------------'
'end'