0.00 1.0000329371000558 1.0000329371000558 1.0000329371000558 1.0000329371000558 1.0000329371000558 1.0000329371000558 1.0000329371000558 1.0000329371000558 1.0000329371000558 1.0000329371000558 200.00000016469093 1.0000329371000558 1.0000329371000558 1.0000329371000558 1.0000329371000558 1.0000329371000558 1.0000329371000558 1.0000329371000558 1.0000329371000558 1.0000329371000558 1.0000329371000558 1.0000329371000558 1.0000329371000558 1.0000329371000558 1.0000329371000558 1.0000329371000558 1.0000329371000558 1.0000329371000558 1.0000329371000558 1.0000329371000558 
0.00 1.0000329371000558 1.0000329371000558 1.0000329371000558 1.0000329371000558 1.0000329371000558 1.0000329371000558 1.0000329371000558 1.0000329371000558 1.0000329371000558 1.0000329371000558 200.00000016469093 1.0000329371000558 1.0000329371000558 1.0000329371000558 1.0000329371000558 1.0000329371000558 1.0000329371000558 1.0000329371000558 1.0000329371000558 1.0000329371000558 1.0000329371000558 1.0000329371000558 1.0000329371000558 1.0000329371000558 1.0000329371000558 1.0000329371000558 1.0000329371000558 1.0000329371000558 1.0000329371000558 1.0000329371000558 
1.00 1.0000329371000558 1.0000329371000558 1.0000329371000558 1.0000329371001773 1.0000329377765518 1.0000340165112367 1.0005263842229022 1.0646618843302997 3.4252679962595063 27.073986039875507 81.31352777616556 71.87643959889061 18.92037196528108 2.2981615974250427 1.0269742599864573 1.0001931359242415 1.0000332100179425 1.0000329372332657 1.0000329371000745 1.0000329371000558 1.0000329371000558 1.0000329371000558 1.0000329371000558 1.0000329371000558 1.0000329371000558 1.0000329371000558 1.0000329371000558 1.0000329371000558 1.0000329371000558 1.0000329371000558 
1.00 1.0000329371000558 1.0000329371000558 1.0000329371000558 1.0000329371001773 1.0000329377765518 1.0000340165112367 1.0005263842229022 1.0646618843302997 3.4252679962595063 27.073986039875507 81.31352777616556 71.87643959889061 18.92037196528108 2.2981615974250427 1.0269742599864573 1.0001931359242415 1.0000332100179425 1.0000329372332657 1.0000329371000745 1.0000329371000558 1.0000329371000558 1.0000329371000558 1.0000329371000558 1.0000329371000558 1.0000329371000558 1.0000329371000558 1.0000329371000558 1.0000329371000558 1.0000329371000558 1.0000329371000558 
2.00 1.0000329371000651 1.000032937105856 1.00003293903988 1.000033284368251 1.000066213289199 1.0017396801010363 1.0468893693820973 1.6885914154269415 6.416042727863561 23.80237136033962 52.38593460175427 62.983268475942054 41.019406420013674 14.830338725870485 3.558364264412301 1.253337729507384 1.013457515780198 1.0004137629226018 1.000038719634661 1.0000329840976954 1.0000329373045118 1.0000329371005319 1.0000329371000565 1.0000329371000558 1.0000329371000558 1.0000329371000558 1.0000329371000558 1.0000329371000558 1.0000329371000558 1.0000329371000558 
2.00 1.0000329371000651 1.000032937105856 1.00003293903988 1.000033284368251 1.000066213289199 1.0017396801010363 1.0468893693820973 1.6885914154269415 6.416042727863561 23.80237136033962 52.38593460175427 62.983268475942054 41.019406420013674 14.830338725870485 3.558364264412301 1.253337729507384 1.013457515780198 1.0004137629226018 1.000038719634661 1.0000329840976954 1.0000329373045118 1.0000329371005319 1.0000329371000565 1.0000329371000558 1.0000329371000558 1.0000329371000558 1.0000329371000558 1.0000329371000558 1.0000329371000558 1.0000329371000558 
3.00 1.0000329373291852 1.0000329568838837 1.0000340632179343 1.0000751943617474 1.0010782897585653 1.0170807425879471 1.183314952482281 2.29906263120254 7.0696403755742105 19.69579587301429 38.96375713907169 51.820438279908196 45.848879527484215 27.092083899091485 11.007140503584726 3.530209933856548 1.4217624043970016 1.046373718983206 1.00338984755397 1.0001932471176758 1.0000379840102442 1.0000330418453351 1.0000329385331916 1.0000329371129824 1.0000329371001326 1.000032937100056 1.0000329371000558 1.0000329371000558 1.0000329371000558 1.0000329371000558 
3.00 1.0000329373291852 1.0000329568838837 1.0000340632179343 1.0000751943617474 1.0010782897585653 1.0170807425879471 1.183314952482281 2.29906263120254 7.0696403755742105 19.69579587301429 38.96375713907169 51.820438279908196 45.848879527484215 27.092083899091485 11.007140503584726 3.530209933856548 1.4217624043970016 1.046373718983206 1.00338984755397 1.0001932471176758 1.0000379840102442 1.0000330418453351 1.0000329385331916 1.0000329371129824 1.0000329371001326 1.000032937100056 1.0000329371000558 1.0000329371000558 1.0000329371000558 1.0000329371000558 
4.00 1.0000329699195867 1.0000339904952957 1.0000576733186617 1.0004579070766404 1.0053744739175674 1.0491528628433302 1.3305047635963745 2.6266921473311964 6.857903098478292 16.433508411011537 30.74886329306147 42.952620781536105 44.284339871256634 33.672734297520854 19.043598758745603 8.290276191140894 3.1550107913565686 1.4660739774457263 1.0737707322350922 1.008568689515796 1.0007558353888761 1.0000777286054894 1.0000349675725246 1.0000330044413603 1.000032938734044 1.0000329371290626 1.0000329371004326 1.0000329371000594 1.0000329371000558 1.0000329371000558 
4.00 1.0000329699195867 1.0000339904952957 1.0000576733186617 1.0004579070766404 1.0053744739175674 1.0491528628433302 1.3305047635963745 2.6266921473311964 6.857903098478292 16.433508411011537 30.74886329306147 42.952620781536105 44.284339871256634 33.672734297520854 19.043598758745603 8.290276191140894 3.1550107913565686 1.4660739774457263 1.0737707322350922 1.008568689515796 1.0007558353888761 1.0000777286054894 1.0000349675725246 1.0000330044413603 1.000032938734044 1.0000329371290626 1.0000329371004326 1.0000329371000594 1.0000329371000558 1.0000329371000558 
5.00 1.0000335416304886 1.0000436526583742 1.0001808608204745 1.0016232670442267 1.0133486117612645 1.0868622339160359 1.4409917749843033 2.744077902480994 6.37210633718262 13.88700314062758 25.07608840318439 36.030500927222846 40.694757709338816 36.030500927222846 25.07608840318439 13.88700314062758 6.37210633718262 2.744077902480994 1.4409917749843033 1.0868622339160359 1.0133486117612645 1.0016232670442267 1.0001808608204745 1.0000436526583742 1.0000335416304886 1.0000329636612695 1.0000329380089306 1.0000329371242764 1.0000329371005585 1.000032937100064 
5.00 1.0000335416304886 1.0000436526583742 1.0001808608204745 1.0016232670442267 1.0133486117612645 1.0868622339160359 1.4409917749843033 2.744077902480994 6.37210633718262 13.88700314062758 25.07608840318439 36.030500927222846 40.694757709338816 36.030500927222846 25.07608840318439 13.88700314062758 6.37210633718262 2.744077902480994 1.4409917749843033 1.0868622339160359 1.0133486117612645 1.0016232670442267 1.0001808608204745 1.0000436526583742 1.0000335416304886 1.0000329636612695 1.0000329380089306 1.0000329371242764 1.0000329371005585 1.000032937100064 
6.00 1.0000369474130373 1.0000807854176188 1.0004964662637632 1.003678876769419 1.0233172862708777 1.1207702909946746 1.508360022230777 2.7377049637830195 5.822984072785671 11.868752414096154 20.886844085204828 30.544325719850207 36.63725898029832 35.902496473726245 28.75432564570913 18.919540456520362 10.393882409509786 4.998396133139515 2.3818202803923594 1.3877554371736693 1.088366194920261 1.01637291176426 1.00248708780583 1.000332214019942 1.0000625695276755 1.0000353193275102 1.000033092596765 1.0000329453410797 1.0000329374546757 1.000032937112446 
6.00 1.0000369474130373 1.0000807854176188 1.0004964662637632 1.003678876769419 1.0233172862708777 1.1207702909946746 1.508360022230777 2.7377049637830195 5.822984072785671 11.868752414096154 20.886844085204828 30.544325719850207 36.63725898029832 35.902496473726245 28.75432564570913 18.919540456520362 10.393882409509786 4.998396133139515 2.3818202803923594 1.3877554371736693 1.088366194920261 1.01637291176426 1.00248708780583 1.000332214019942 1.0000625695276755 1.0000353193275102 1.000033092596765 1.0000329453410797 1.0000329374546757 1.000032937112446 
7.00 1.0000478151830052 1.0001667333021578 1.0010393774051916 1.0063655032149197 1.0333616969736859 1.1467589064495836 1.5403442400192913 2.664323928718894 5.2880907535132575 10.24143915637208 17.659541321013634 26.120828646119243 32.68489811819594 34.42859236806696 30.50062945820656 22.776691529740617 14.446212231798423 7.944733410387952 4.0002632139259156 2.084213361671306 1.3277471861031254 1.0828916106044706 1.017556791235322 1.0031329916982417 1.0004916665626784 1.0000897165749385 1.0000388156948818 1.0000334462000582 1.0000329739791363 1.0000329393346798 
7.00 1.0000478151830052 1.0001667333021578 1.0010393774051916 1.0063655032149197 1.0333616969736859 1.1467589064495836 1.5403442400192913 2.664323928718894 5.2880907535132575 10.24143915637208 17.659541321013634 26.120828646119243 32.68489811819594 34.42859236806696 30.50062945820656 22.776691529740617 14.446212231798423 7.944733410387952 4.0002632139259156 2.084213361671306 1.3277471861031254 1.0828916106044706 1.017556791235322 1.0031329916982417 1.0004916665626784 1.0000897165749385 1.0000388156948818 1.0000334462000582 1.0000329739791363 1.0000329393346798 
8.00 1.0000713808033899 1.000312595799199 1.0017730320785092 1.009293964029794 1.0421916330227459 1.164189279961302 1.5467608607359358 2.557528959646975 4.795131671573133 8.909723012010435 15.100601429219148 22.50084774639229 29.042391202142024 32.28354776838181 30.850969909854395 25.36365200331167 18.0085711768915 11.156283591925723 6.187325895018208 3.2661826102144795 1.8468246399981487 1.2706816330031923 1.0740238220139975 1.0173348176857804 1.0034935293794087 1.0006249745768732 1.0001195713230058 1.0000437806444824 1.000034097999304 1.0000330434064248 
8.00 1.0000713808033899 1.000312595799199 1.0017730320785092 1.009293964029794 1.0421916330227459 1.164189279961302 1.5467608607359358 2.557528959646975 4.795131671573133 8.909723012010435 15.100601429219148 22.50084774639229 29.042391202142024 32.28354776838181 30.850969909854395 25.36365200331167 18.0085711768915 11.156283591925723 6.187325895018208 3.2661826102144795 1.8468246399981487 1.2706816330031923 1.0740238220139975 1.0173348176857804 1.0034935293794087 1.0006249745768732 1.0001195713230058 1.0000437806444824 1.000034097999304 1.0000330434064248 
9.00 1.000111065916639 1.0005148692887826 1.0026202083854399 1.0121216323328643 1.0491914318657583 1.1740132053005334 1.5359334332124424 2.43668041857803 4.351976791007159 7.806526654214355 13.029067214137843 19.50204793874955 25.767889904837048 29.85622718820535 30.259804222210633 26.82168686376636 20.83257639566459 14.257297757926779 8.712804148306759 4.905272245203908 2.72097048658389 1.6600617163679232 1.2203469957949484 1.0640365153530742 1.0162155523835987 1.0035939614380947 1.0007149343637578 1.0001466138575517 1.0000494279124552 1.0000350191624885 
9.00 1.000111065916639 1.0005148692887826 1.0026202083854399 1.0121216323328643 1.0491914318657583 1.1740132053005334 1.5359334332124424 2.43668041857803 4.351976791007159 7.806526654214355 13.029067214137843 19.50204793874955 25.767889904837048 29.85622718820535 30.259804222210633 26.82168686376636 20.83257639566459 14.257297757926779 8.712804148306759 4.905272245203908 2.72097048658389 1.6600617163679232 1.2203469957949484 1.0640365153530742 1.0162155523835987 1.0035939614380947 1.0007149343637578 1.0001466138575517 1.0000494279124552 1.0000350191624885 
10.00 1.0001672434182223 1.0007589902105254 1.0034967430770525 1.014616110213466 1.0542160644749354 1.1776931540656483 1.5141130147955706 2.312792265501967 3.9583992655248412 6.883467705991407 11.325801906580365 16.992912284579216 22.859718091902444 27.36785267176644 29.068432914626456 27.36785267176644 22.859718091902444 16.992912284579216 11.325801906580365 6.883467705991407 3.9583992655248412 2.312792265501967 1.5141130147955706 1.1776931540656483 1.0542160644749354 1.014616110213466 1.0034967430770525 1.0007589902105254 1.0001672434182223 1.0000548620037097 
10.00 1.0001672434182223 1.0007589902105254 1.0034967430770525 1.014616110213466 1.0542160644749354 1.1776931540656483 1.5141130147955706 2.312792265501967 3.9583992655248412 6.883467705991407 11.325801906580365 16.992912284579216 22.859718091902444 27.36785267176644 29.068432914626456 27.36785267176644 22.859718091902444 16.992912284579216 11.325801906580365 6.883467705991407 3.9583992655248412 2.312792265501967 1.5141130147955706 1.1776931540656483 1.0542160644749354 1.014616110213466 1.0034967430770525 1.0007589902105254 1.0001672434182223 1.0000548620037097 
11.00 1.0002374538498442 1.001025405684046 1.0043317945535166 1.0166531966099133 1.0573879366161179 1.1766993309452485 1.4857530857819101 2.192008143627222 3.610968426421599 6.104759326859064 9.908365721408014 14.876162064546612 20.292526397752052 24.941823087078227 27.52001064779329 27.22035274362966 24.139380377556925 19.226919882175622 13.815136104281853 9.042324484898534 5.504935516278875 3.2523968751291754 2.005202074497392 1.4004270977080977 1.1423921087773277 1.0452115265007427 1.0128305497906278 1.0032686793171606 1.0007631799633157 1.000180035892979 
11.00 1.0002374538498442 1.001025405684046 1.0043317945535166 1.0166531966099133 1.0573879366161179 1.1766993309452485 1.4857530857819101 2.192008143627222 3.610968426421599 6.104759326859064 9.908365721408014 14.876162064546612 20.292526397752052 24.941823087078227 27.52001064779329 27.22035274362966 24.139380377556925 19.226919882175622 13.815136104281853 9.042324484898534 5.504935516278875 3.2523968751291754 2.005202074497392 1.4004270977080977 1.1423921087773277 1.0452115265007427 1.0128305497906278 1.0032686793171606 1.0007631799633157 1.000180035892979 
12.00 1.0003174074530705 1.0012946334529162 1.0050752955431528 1.0181911750597554 1.058954606135428 1.1723142347774784 1.4539361711401617 2.077614125564061 3.305173009827169 5.443324114636443 8.71745951782141 13.078193268689564 18.032980877187214 22.64414132945543 25.782839561568863 26.56953125837775 24.771438528980966 20.913571576282866 16.03155330855826 11.22397067435801 7.26608734777155 4.460466971775231 2.7220092357601944 1.7721514884540683 1.3119949989103616 1.113607600137339 1.037291244426799 1.0110464626313989 1.002966469171419 1.0007370079953373 
12.00 1.0003174074530705 1.0012946334529162 1.0050752955431528 1.0181911750597554 1.058954606135428 1.1723142347774784 1.4539361711401617 2.077614125564061 3.305173009827169 5.443324114636443 8.71745951782141 13.078193268689564 18.032980877187214 22.64414132945543 25.782839561568863 26.56953125837775 24.771438528980966 20.913571576282866 16.03155330855826 11.22397067435801 7.26608734777155 4.460466971775231 2.7220092357601944 1.7721514884540683 1.3119949989103616 1.113607600137339 1.037291244426799 1.0110464626313989 1.002966469171419 1.0007370079953373 
13.00 1.0004021039520987 1.0015502713505637 1.0056976875400032 1.0192426709498996 1.0592031551029635 1.1655819551991229 1.420751753329164 1.9712108236135437 3.0363541412860924 4.878266232059679 7.709094709666346 11.542205124338903 16.0466568838728 20.506956842384234 23.971002945675227 25.57034834159501 24.871713278286848 22.066713351428483 17.886937947478906 13.295493593116259 9.131712364546607 5.884939213476226 3.6654951470083867 2.32111242774047 1.5947710078413322 1.2432330179097866 1.0903653328308458 1.030509438377659 1.0093725327571792 1.0026326904798002 
13.00 1.0004021039520987 1.0015502713505637 1.0056976875400032 1.0192426709498996 1.0592031551029635 1.1655819551991229 1.420751753329164 1.9712108236135437 3.0363541412860924 4.878266232059679 7.709094709666346 11.542205124338903 16.0466568838728 20.506956842384234 23.971002945675227 25.57034834159501 24.871713278286848 22.066713351428483 17.886937947478906 13.295493593116259 9.131712364546607 5.884939213476226 3.6654951470083867 2.32111242774047 1.5947710078413322 1.2432330179097866 1.0903653328308458 1.030509438377659 1.0093725327571792 1.0026326904798002 
14.00 1.0004867120297356 1.001780217242783 1.006186240588206 1.0198517649205188 1.0584139494161584 1.1573187781083778 1.3875869512307997 1.8734047658254447 2.800104121581766 4.393184139789995 6.84981609725142 10.223613629086312 14.300985722549779 18.542452305520637 22.160235963601572 24.34395424529605 24.553315642885554 22.734687117957247 19.343341324666532 15.158825320916515 10.995390010840001 7.453511316593074 4.8108023993117985 3.0580764382135057 2.0165611099050507 1.4592390941118616 1.1897560235361584 1.0717227196515067 1.0248082281484763 1.0078637049725456 
14.00 1.0004867120297356 1.001780217242783 1.006186240588206 1.0198517649205188 1.0584139494161584 1.1573187781083778 1.3875869512307997 1.8734047658254447 2.800104121581766 4.393184139789995 6.84981609725142 10.223613629086312 14.300985722549779 18.542452305520637 22.160235963601572 24.34395424529605 24.553315642885554 22.734687117957247 19.343341324666532 15.158825320916515 10.995390010840001 7.453511316593074 4.8108023993117985 3.0580764382135057 2.0165611099050507 1.4592390941118616 1.1897560235361584 1.0717227196515067 1.0248082281484763 1.0078637049725456 
15.00 1.000567112334775 1.0019767187388908 1.0065405249422423 1.0200777275217374 1.056838660254316 1.1481455514419667 1.3553381865016316 1.784221719759485 2.592419055788392 3.9750150126727757 6.113652992802191 9.08691034862498 12.766382434063118 16.751145479162414 20.399482359070625 22.982493029016883 23.917779958740823 22.982493029016883 20.399482359070625 16.751145479162414 12.766382434063118 9.08691034862498 6.113652992802191 3.9750150126727757 2.592419055788392 1.784221719759485 1.3553381865016316 1.1481455514419667 1.056838660254316 1.0200777275217374 
15.00 1.000567112334775 1.0019767187388908 1.0065405249422423 1.0200777275217374 1.056838660254316 1.1481455514419667 1.3553381865016316 1.784221719759485 2.592419055788392 3.9750150126727757 6.113652992802191 9.08691034862498 12.766382434063118 16.751145479162414 20.399482359070625 22.982493029016883 23.917779958740823 22.982493029016883 20.399482359070625 16.751145479162414 12.766382434063118 9.08691034862498 6.113652992802191 3.9750150126727757 2.592419055788392 1.784221719759485 1.3553381865016316 1.1481455514419667 1.056838660254316 1.0200777275217374 
16.00 1.0006401450680613 1.0021358082362777 1.006768263486335 1.0199844344128657 1.054692148685206 1.1385242437538134 1.3245616834884593 1.7033565721233903 2.4097373382178393 3.613223964443995 5.480098566608686 8.103458501065202 11.416530162550405 15.126908178512538 18.71911154475928 21.554528474787787 23.05178984822084 22.880181479986483 21.07838340542464 18.040303175011598 14.375088069165653 10.709274112682882 7.51850058677042 5.047432859825728 3.3242513080532 2.2344100308606727 1.606335100182514 1.2754566432599064 1.1157466866687844 1.0449943650983926 
16.00 1.0006401450680613 1.0021358082362777 1.006768263486335 1.0199844344128657 1.054692148685206 1.1385242437538134 1.3245616834884593 1.7033565721233903 2.4097373382178393 3.613223964443995 5.480098566608686 8.103458501065202 11.416530162550405 15.126908178512538 18.71911154475928 21.554528474787787 23.05178984822084 22.880181479986483 21.07838340542464 18.040303175011598 14.375088069165653 10.709274112682882 7.51850058677042 5.047432859825728 3.3242513080532 2.2344100308606727 1.606335100182514 1.2754566432599064 1.1157466866687844 1.0449943650983926 
17.00 1.0007036481723133 1.0022565040379456 1.006882006480802 1.0196339997882438 1.0521517490947314 1.1287916034092886 1.2955793699471156 1.6303255135330632 2.2489263955542182 3.2992225210169677 4.932727057802815 7.249912203423533 10.228282199030868 13.660022990023775 17.13670063213121 20.11003966373596 22.02688915256107 22.495871104248035 21.41745748573281 19.01834336452508 15.773882830048532 12.254884612460106 8.966252721157208 6.238824330784986 4.200962326637015 2.8171675649035484 1.9584712003239915 1.469718879599403 1.2138872142216437 1.0905010683150824 
17.00 1.0007036481723133 1.0022565040379456 1.006882006480802 1.0196339997882438 1.0521517490947314 1.1287916034092886 1.2955793699471156 1.6303255135330632 2.2489263955542182 3.2992225210169677 4.932727057802815 7.249912203423533 10.228282199030868 13.660022990023775 17.13670063213121 20.11003966373596 22.02688915256107 22.495871104248035 21.41745748573281 19.01834336452508 15.773882830048532 12.254884612460106 8.966252721157208 6.238824330784986 4.200962326637015 2.8171675649035484 1.9584712003239915 1.469718879599403 1.2138872142216437 1.0905010683150824 
18.00 1.0007563698656008 1.0023399985324821 1.0068966774524677 1.0190833020434504 1.0493601581562237 1.1191876172934294 1.2685530844145343 1.5645589226713974 2.107247732925828 3.025943137320037 4.4582211025403415 6.507059888372648 9.181403703872594 12.339048901335417 15.661086048166101 18.684644706582475 20.900647470740644 21.89193859397247 21.461192453622587 19.694928384419896 16.935193455123738 13.671602794744636 10.400402665656731 7.505820951809671 5.200477211091651 3.530092532342255 2.421727762279585 1.7453176970529274 1.364517182938401 1.1663268870770747 
18.00 1.0007563698656008 1.0023399985324821 1.0068966774524677 1.0190833020434504 1.0493601581562237 1.1191876172934294 1.2685530844145343 1.5645589226713974 2.107247732925828 3.025943137320037 4.4582211025403415 6.507059888372648 9.181403703872594 12.339048901335417 15.661086048166101 18.684644706582475 20.900647470740644 21.89193859397247 21.461192453622587 19.694928384419896 16.935193455123738 13.671602794744636 10.400402665656731 7.505820951809671 5.200477211091651 3.530092532342255 2.421727762279585 1.7453176970529274 1.364517182938401 1.1663268870770747 
19.00 1.0007978198400664 1.0023889419263576 1.0068278755232183 1.0183823835764068 1.0464298003727426 1.109878538884458 1.2435365015505293 1.505457779040711 1.9823147973206652 2.787522264558822 4.045671038468399 5.85896279154243 8.258260356012256 11.151954382494093 14.29519858532797 17.30301847697931 19.71842139900802 21.123263821007576 21.25609014420263 20.091533781159892 17.848219826152402 14.921794728706258 11.771208902845657 8.803001994945424 6.292819790177556 4.361559605807706 2.9990487453366423 2.113105252163926 1.5803405199182663 1.283316445117115 
19.00 1.0007978198400664 1.0023889419263576 1.0068278755232183 1.0183823835764068 1.0464298003727426 1.109878538884458 1.2435365015505293 1.505457779040711 1.9823147973206652 2.787522264558822 4.045671038468399 5.85896279154243 8.258260356012256 11.151954382494093 14.29519858532797 17.30301847697931 19.71842139900802 21.123263821007576 21.25609014420263 20.091533781159892 17.848219826152402 14.921794728706258 11.771208902845657 8.803001994945424 6.292819790177556 4.361559605807706 2.9990487453366423 2.113105252163926 1.5803405199182663 1.283316445117115 
20.00 1.0008281020513672 1.0024068612655441 1.0066907729995185 1.0175740045240034 1.0434475307686926 1.1009750581359508 1.2205114456926223 1.4524274124789742 1.8720505442642212 2.579060450213704 3.686059519910934 5.2923028354096 7.443504809468949 10.08679526357955 13.038046071140354 15.981589310709614 18.5152517854997 20.236740438584555 20.847380029938876 20.236740438584555 18.5152517854997 15.981589310709614 13.038046071140354 10.08679526357955 7.443504809468949 5.2923028354096 3.686059519910934 2.579060450213704 1.8720505442642212 1.4524274124789742 
20.00 1.0008281020513672 1.0024068612655441 1.0066907729995185 1.0175740045240034 1.0434475307686926 1.1009750581359508 1.2205114456926223 1.4524274124789742 1.8720505442642212 2.579060450213704 3.686059519910934 5.2923028354096 7.443504809468949 10.08679526357955 13.038046071140354 15.981589310709614 18.5152517854997 20.236740438584555 20.847380029938876 20.236740438584555 18.5152517854997 15.981589310709614 13.038046071140354 10.08679526357955 7.443504809468949 5.2923028354096 3.686059519910934 2.579060450213704 1.8720505442642212 1.4524274124789742 
21.00 1.0008477544856915 1.0023977170750993 1.0064994532326255 1.0166938661120337 1.0404791049337108 1.0925464169130954 1.1994132638600206 1.4048970715062388 1.7746477952679887 2.396438108271065 3.3718754392599237 4.795881840483467 6.723783771018772 9.132107775936882 11.886098700233726 14.730633960831959 17.317667123387537 19.271520824011162 20.277045347350516 20.16264187303501 18.94813965149274 16.83917807156891 14.170279514330897 11.318260870946254 8.616706183405569 6.297575505947481 4.4716547414366286 3.1436098636511636 2.2471132232287996 1.6836274642366726 
21.00 1.0008477544856915 1.0023977170750993 1.0064994532326255 1.0166938661120337 1.0404791049337108 1.0925464169130954 1.1994132638600206 1.4048970715062388 1.7746477952679887 2.396438108271065 3.3718754392599237 4.795881840483467 6.723783771018772 9.132107775936882 11.886098700233726 14.730633960831959 17.317667123387537 19.271520824011162 20.277045347350516 20.16264187303501 18.94813965149274 16.83917807156891 14.170279514330897 11.318260870946254 8.616706183405569 6.297575505947481 4.4716547414366286 3.1436098636511636 2.2471132232287996 1.6836274642366726 
22.00 1.0008576088260126 1.0023655822870143 1.0062665592594497 1.0157711900060713 1.0375731650336526 1.0846312631793116 1.1801485171187476 1.3623305918183193 1.6885335784594582 2.2361721944708646 3.0968200035450417 4.360231927780552 6.087474509903188 8.277122835279492 10.834254960625762 13.555888532220129 16.145291665126784 18.25965143456103 19.58277567738017 19.90224247346668 19.165203059086302 17.49268508899124 15.147075203142666 12.46479123617039 9.777884261205479 7.349474742656518 5.339204296522603 3.801605541119661 2.7089488961271657 1.9848675361550745 
22.00 1.0008576088260126 1.0023655822870143 1.0062665592594497 1.0157711900060713 1.0375731650336526 1.0846312631793116 1.1801485171187476 1.3623305918183193 1.6885335784594582 2.2361721944708646 3.0968200035450417 4.360231927780552 6.087474509903188 8.277122835279492 10.834254960625762 13.555888532220129 16.145291665126784 18.25965143456103 19.58277567738017 19.90224247346668 19.165203059086302 17.49268508899124 15.147075203142666 12.46479123617039 9.777884261205479 7.349474742656518 5.339204296522603 3.801605541119661 2.7089488961271657 1.9848675361550745 
23.00 1.0008586749122883 1.002314421813559 1.006003152835813 1.014829457481898 1.0347646622465012 1.077245937150619 1.1626072649789527 1.3242314909105974 1.612337712802003 2.0953033955654283 2.855579739829669 3.977308866930028 5.524452723812592 7.51186837088238 9.876512347778085 12.45977828003004 15.012226168058897 17.226883431412126 18.79754671652301 19.487671307394532 19.188685941997004 17.947961976727726 15.956524394266793 13.500890103174413 10.895739472316759 8.419124451427109 6.268102377690951 4.542852296455299 3.2565737324092403 2.3612706947003073 
23.00 1.0008586749122883 1.002314421813559 1.006003152835813 1.014829457481898 1.0347646622465012 1.077245937150619 1.1626072649789527 1.3242314909105974 1.612337712802003 2.0953033955654283 2.855579739829669 3.977308866930028 5.524452723812592 7.51186837088238 9.876512347778085 12.45977828003004 15.012226168058897 17.226883431412126 18.79754671652301 19.487671307394532 19.188685941997004 17.947961976727726 15.956524394266793 13.500890103174413 10.895739472316759 8.419124451427109 6.268102377690951 4.542852296455299 3.2565737324092403 2.3612706947003073 
24.00 1.0008520501715714 1.002247950755136 1.0057187096749098 1.0138871903435756 1.03207772410236 1.0703907611679246 1.1466715348040262 1.2901446023744305 1.5448654568243214 1.9713063974570864 2.6436489377876704 3.6402481591528533 5.0258904379616745 6.82720215249953 9.006429786001576 11.442351128760482 13.928204692536873 16.193529086441043 17.949606082748318 18.949033129768708 19.042761532235506 18.216523484213084 16.594390703183308 14.40824284915005 11.94348976390689 9.478525558483813 7.235415491080975 5.353024534931225 3.8846803348018986 2.8146197368443255 
24.00 1.0008520501715714 1.002247950755136 1.0057187096749098 1.0138871903435756 1.03207772410236 1.0703907611679246 1.1466715348040262 1.2901446023744305 1.5448654568243214 1.9713063974570864 2.6436489377876704 3.6402481591528533 5.0258904379616745 6.82720215249953 9.006429786001576 11.442351128760482 13.928204692536873 16.193529086441043 17.949606082748318 18.949033129768708 19.042761532235506 18.216523484213084 16.594390703183308 14.40824284915005 11.94348976390689 9.478525558483813 7.235415491080975 5.353024534931225 3.8846803348018986 2.8146197368443255 
25.00 1.0008388517179445 1.0021695516032163 1.0054211979729057 1.012958706136147 1.0295280162751987 1.0640547902072341 1.1322210946302274 1.2596556015676583 1.485073855497546 1.862017830069836 2.457189169734283 3.343169170593736 4.584081230219875 6.214802264612318 8.217442819975746 10.501982725895521 12.899547442181802 15.175289998640238 17.06270740463745 18.313737449537904 18.752036712232464 18.313737449537904 17.06270740463745 15.175289998640238 12.899547442181802 10.501982725895521 8.217442819975746 6.214802264612318 4.584081230219875 3.343169170593736 
25.00 1.0008388517179445 1.0021695516032163 1.0054211979729057 1.012958706136147 1.0295280162751987 1.0640547902072341 1.1322210946302274 1.2596556015676583 1.485073855497546 1.862017830069836 2.457189169734283 3.343169170593736 4.584081230219875 6.214802264612318 8.217442819975746 10.501982725895521 12.899547442181802 15.175289998640238 17.06270740463745 18.313737449537904 18.752036712232464 18.313737449537904 17.06270740463745 15.175289998640238 12.899547442181802 10.501982725895521 8.217442819975746 6.214802264612318 4.584081230219875 3.343169170593736 
26.00 1.000820167759715 1.0020822341346993 1.0051172035924458 1.0120548122269575 1.0271246638417546 1.0582193815367833 1.1191373183706816 1.232389290080669 1.4320513592997592 1.7655779081378271 2.292917003855017 3.081016495054681 4.192289634864904 5.667132650569901 7.503074653066479 9.63590623836436 11.929935876056609 14.184018269770649 16.15648350015068 17.606173539747083 18.34048165182628 18.25731405072404 17.368380450408065 15.79648923958177 13.747708431338985 11.467091854215937 9.191066276123152 7.109073786817361 5.342410807644809 3.941759945992784 
26.00 1.000820167759715 1.0020822341346993 1.0051172035924458 1.0120548122269575 1.0271246638417546 1.0582193815367833 1.1191373183706816 1.232389290080669 1.4320513592997592 1.7655779081378271 2.292917003855017 3.081016495054681 4.192289634864904 5.667132650569901 7.503074653066479 9.63590623836436 11.929935876056609 14.184018269770649 16.15648350015068 17.606173539747083 18.34048165182628 18.25731405072404 17.368380450408065 15.79648923958177 13.747708431338985 11.467091854215937 9.191066276123152 7.109073786817361 5.342410807644809 3.941759945992784 
27.00 1.0007970247189417 1.0019886250849566 1.00481207728573 1.0111834230688743 1.0248717990939182 1.0528608617319875 1.1073057022726647 1.2080071955408136 1.3850002925110039 1.6803827960046296 2.148013424302709 2.849430467680856 3.844621599701613 5.17739490501073 6.857073545770087 8.84060818257554 11.02103715798039 13.228393436215672 15.246885256447591 16.847626754595108 17.830705543760494 18.06609616660748 17.5218940691937 16.271414227238058 14.476976242399182 12.35532203300054 10.134825287490095 8.016085244539529 6.144975853118559 4.6021833205797975 
27.00 1.0007970247189417 1.0019886250849566 1.00481207728573 1.0111834230688743 1.0248717990939182 1.0528608617319875 1.1073057022726647 1.2080071955408136 1.3850002925110039 1.6803827960046296 2.148013424302709 2.849430467680856 3.844621599701613 5.17739490501073 6.857073545770087 8.84060818257554 11.02103715798039 13.228393436215672 15.246885256447591 16.847626754595108 17.830705543760494 18.06609616660748 17.5218940691937 16.271414227238058 14.476976242399182 12.35532203300054 10.134825287490095 8.016085244539529 6.144975853118559 4.6021833205797975 
28.00 1.0007703666821186 1.0018909777200964 1.0045100879531468 1.0103500967237942 1.022769798534268 1.0479525055113577 1.0966174299860048 1.1862048421391704 1.3432217793357468 1.6050454508699028 2.020050154677919 2.6446407255482303 3.5359131044273377 4.739473452575389 6.2734982693779 8.112122117644196 10.173003210196164 12.31451085637295 14.346638502006105 16.05635609682019 17.243503959980167 17.759128009298763 17.5361717935862 16.60380056666763 15.081135125584487 13.152253059622023 11.029697034157163 8.916454342680828 6.975655178624791 5.313723855935985 
28.00 1.0007703666821186 1.0018909777200964 1.0045100879531468 1.0103500967237942 1.022769798534268 1.0479525055113577 1.0966174299860048 1.1862048421391704 1.3432217793357468 1.6050454508699028 2.020050154677919 2.6446407255482303 3.5359131044273377 4.739473452575389 6.2734982693779 8.112122117644196 10.173003210196164 12.31451085637295 14.346638502006105 16.05635609682019 17.243503959980167 17.759128009298763 17.5361717935862 16.60380056666763 15.081135125584487 13.152253059622023 11.029697034157163 8.916454342680828 6.975655178624791 5.313723855935985 
29.00 1.0007410442218276 1.0017911939609703 1.004214571973042 1.0095584934017783 1.0208162644853882 1.0434659910563628 1.086970269657337 1.166708916325408 1.3061027788998292 1.538363228743043 1.9069292809742118 2.463378151302793 3.261634361780645 4.347878620965414 5.74676708885824 7.446244640334083 9.384866734230172 11.446384575266343 13.465689166591977 15.247773496219997 16.59761262402171 17.35496707003597 17.42561475044422 16.800615531326347 15.558170269566796 13.847540680489303 11.859595082869253 9.792000367650475 7.817768026670279 6.063808210941742 
29.00 1.0007410442218276 1.0017911939609703 1.004214571973042 1.0095584934017783 1.0208162644853882 1.0434659910563628 1.086970269657337 1.166708916325408 1.3061027788998292 1.538363228743043 1.9069292809742118 2.463378151302793 3.261634361780645 4.347878620965414 5.74676708885824 7.446244640334083 9.384866734230172 11.446384575266343 13.465689166591977 15.247773496219997 16.59761262402171 17.35496707003597 17.42561475044422 16.800615531326347 15.558170269566796 13.847540680489303 11.859595082869253 9.792000367650475 7.817768026670279 6.063808210941742 
30.00 1.0007098101168324 1.0016908537340208 1.0039280727846787 1.0088107622600826 1.0190067988205445 1.0393724579467207 1.0782690056749031 1.149274466571374 1.2731049245877926 1.4792909285895037 1.8068334375014499 2.3028015994553677 3.0178073512176673 3.997690398196181 5.271681337959768 6.838692401582209 8.654853365318708 10.626371514253046 12.61161938548077 14.434681649734442 15.90961313666184 16.871200317060303 17.20531855919895 16.871200317060303 15.90961313666184 14.434681649734442 12.61161938548077 10.626371514253046 8.654853365318708 6.838692401582209 
30.00 1.0007098101168324 1.0016908537340208 1.0039280727846787 1.0088107622600826 1.0190067988205445 1.0393724579467207 1.0782690056749031 1.149274466571374 1.2731049245877926 1.4792909285895037 1.8068334375014499 2.3028015994553677 3.0178073512176673 3.997690398196181 5.271681337959768 6.838692401582209 8.654853365318708 10.626371514253046 12.61161938548077 14.434681649734442 15.90961313666184 16.871200317060303 17.20531855919895 16.871200317060303 15.90961313666184 14.434681649734442 12.61161938548077 10.626371514253046 8.654853365318708 6.838692401582209 
31.00 1.0006773199754004 1.0015912477901654 1.003652467691557 1.0081078642423786 1.0173356086941028 1.0356432641989644 1.0704255501316187 1.1336822201562056 1.2437549052957844 1.4269182423511686 1.7181844549196117 2.160436599197127 2.8009347460061216 3.684504540163551 4.843431507030431 6.285214464913056 7.980626048872649 9.855525518192444 11.790025506913636 13.627539964266578 15.193946705945734 16.3241262815568 16.890457649013413 16.82651224712102 16.139870530773806 14.91064398142213 13.276100758106015 11.405472183395151 9.471323983758726 7.6241317765122405 
31.00 1.0006773199754004 1.0015912477901654 1.003652467691557 1.0081078642423786 1.0173356086941028 1.0356432641989644 1.0704255501316187 1.1336822201562056 1.2437549052957844 1.4269182423511686 1.7181844549196117 2.160436599197127 2.8009347460061216 3.684504540163551 4.843431507030431 6.285214464913056 7.980626048872649 9.855525518192444 11.790025506913636 13.627539964266578 15.193946705945734 16.3241262815568 16.890457649013413 16.82651224712102 16.139870530773806 14.91064398142213 13.276100758106015 11.405472183395151 9.471323983758726 7.6241317765122405 
32.00 1.0006441361958063 1.0014934114166145 1.003389080675634 1.0074498391147217 1.015795977275638 1.032250516163149 1.0633588378896996 1.1197360634141242 1.2176361641556843 1.380450799088401 1.6396088410155623 2.0341238271541204 2.6079385752675215 3.4043819613014814 4.457591515451156 5.781670953132785 7.3594749540440425 9.133890205088601 11.004854397315427 12.834737735263598 14.46300138588974 15.728567981986224 16.49581898500331 16.678478750285876 16.255578639683414 15.27541771093988 13.846485872060416 12.117707530819526 10.252978160178543 8.40599194504051 
32.00 1.0006441361958063 1.0014934114166145 1.003389080675634 1.0074498391147217 1.015795977275638 1.032250516163149 1.0633588378896996 1.1197360634141242 1.2176361641556843 1.380450799088401 1.6396088410155623 2.0341238271541204 2.6079385752675215 3.4043819613014814 4.457591515451156 5.781670953132785 7.3594749540440425 9.133890205088601 11.004854397315427 12.834737735263598 14.46300138588974 15.728567981986224 16.49581898500331 16.678478750285876 16.255578639683414 15.27541771093988 13.846485872060416 12.117707530819526 10.252978160178543 8.40599194504051 
33.00 1.000610734064292 1.0013981573429986 1.003138781167476 1.006836024574257 1.0143806265309983 1.0291674276272256 1.0569945795476943 1.1072607082092667 1.1943817235932541 1.33919415965096 1.5699088186114252 1.9219756005976643 2.4361072086096573 3.153801865557827 4.1101052254321715 5.32408634647755 6.788463834695786 8.460739255518664 10.25869788042029 12.06286079648446 13.727246397422899 15.097786151556143 16.035464278141163 16.439464177393432 16.26500886588674 15.53153035748685 14.319106864711795 12.75407110585968 10.987366559394584 9.170772959602079 
33.00 1.000610734064292 1.0013981573429986 1.003138781167476 1.006836024574257 1.0143806265309983 1.0291674276272256 1.0569945795476943 1.1072607082092667 1.1943817235932541 1.33919415965096 1.5699088186114252 1.9219756005976643 2.4361072086096573 3.153801865557827 4.1101052254321715 5.32408634647755 6.788463834695786 8.460739255518664 10.25869788042029 12.06286079648446 13.727246397422899 15.097786151556143 16.035464278141163 16.439464177393432 16.26500886588674 15.53153035748685 14.319106864711795 12.75407110585968 10.987366559394584 9.170772959602079 
34.00 1.0005775090925035 1.0013061067799152 1.0029020694138264 1.0062652346831311 1.0130819940490943 1.0263685511601952 1.0512649252934385 1.096099552233254 1.1736679743071676 1.302540247687493 1.5080379132292012 1.8223389933755667 2.2830494632392777 2.9296187702542777 3.7972680900306446 4.908683818735543 6.264541712937204 7.83477209537572 9.553047222588992 11.316943036141836 12.995393751426404 14.443467073721884 15.52249936929528 16.121843575539735 16.177540896197492 15.68356052177525 14.692874877994457 13.308105215386302 11.664022755494214 9.906031701447167 
34.00 1.0005775090925035 1.0013061067799152 1.0029020694138264 1.0062652346831311 1.0130819940490943 1.0263685511601952 1.0512649252934385 1.096099552233254 1.1736679743071676 1.302540247687493 1.5080379132292012 1.8223389933755667 2.2830494632392777 2.9296187702542777 3.7972680900306446 4.908683818735543 6.264541712937204 7.83477209537572 9.553047222588992 11.316943036141836 12.995393751426404 14.443467073721884 15.52249936929528 16.121843575539735 16.177540896197492 15.68356052177525 14.692874877994457 13.308105215386302 11.664022755494214 9.906031701447167 
35.00 1.0005447849383602 1.0012177179817023 1.0026791494720704 1.0057359041055742 1.0118924417124657 1.0238299145336272 1.0461080772267686 1.0861127312032193 1.1552092902768356 1.2699558032523843 1.4530802885386693 1.7337644498760476 2.146654814637316 2.72902338422894 3.5157059874497674 4.531905485281008 5.784627065657203 7.254272076082741 8.888510733253352 10.600697850995786 12.27457272323346 13.775763990599994 14.968930627071352 15.73767345734713 16.003209931139807 15.73767345734713 14.968930627071352 13.775763990599994 12.27457272323346 10.600697850995786 
35.00 1.0005447849383602 1.0012177179817023 1.0026791494720704 1.0057359041055742 1.0118924417124657 1.0238299145336272 1.0461080772267686 1.0861127312032193 1.1552092902768356 1.2699558032523843 1.4530802885386693 1.7337644498760476 2.146654814637316 2.72902338422894 3.5157059874497674 4.531905485281008 5.784627065657203 7.254272076082741 8.888510733253352 10.600697850995786 12.27457272323346 13.775763990599994 14.968930627071352 15.73767345734713 16.003209931139807 15.73767345734713 14.968930627071352 13.775763990599994 12.27457272323346 10.600697850995786 
36.00 1.0005128214441794 1.0011333120415808 1.0024699910455253 1.0052462038145422 1.010804410550362 1.0215290872591862 1.041467876592605 1.0771753552710965 1.1387533527127247 1.2409725238816014 1.4042331863538053 1.6549789860282142 2.0250588456189735 2.5495071858327956 3.2623526852752067 4.190422279030546 5.34567029886939 6.7172333664087525 8.264998099274328 9.916727173362503 11.570506909875892 13.103375264601047 14.38559018484672 15.298447583091487 15.7523289009444 15.701194377376165 15.150278518020833 14.155207182730734 12.812742427508088 11.245286772227686 
36.00 1.0005128214441794 1.0011333120415808 1.0024699910455253 1.0052462038145422 1.010804410550362 1.0215290872591862 1.041467876592605 1.0771753552710965 1.1387533527127247 1.2409725238816014 1.4042331863538053 1.6549789860282142 2.0250588456189735 2.5495071858327956 3.2623526852752067 4.190422279030546 5.34567029886939 6.7172333664087525 8.264998099274328 9.916727173362503 11.570506909875892 13.103375264601047 14.38559018484672 15.298447583091487 15.7523289009444 15.701194377376165 15.150278518020833 14.155207182730734 12.812742427508088 11.245286772227686 
37.00 1.0004818224720555 1.0010530958421429 1.0022743814270965 1.0047941331502197 1.0098105332867282 1.019445196303825 1.0372933842961927 1.0691759186697942 1.1240770834551914 1.2151786200054708 1.3607919516750213 1.584863234868432 1.9166131985961883 2.3888304803684886 3.034426937757689 3.8811362834000747 4.944699154428475 6.221461910141279 7.681875231802826 9.266707446914161 10.887686821481743 12.433646132197513 13.782114197048916 14.814925173812924 15.43518238391496 15.582228775208932 15.241424531112997 14.446549409563485 13.274283975452812 11.832018183812444 
37.00 1.0004818224720555 1.0010530958421429 1.0022743814270965 1.0047941331502197 1.0098105332867282 1.019445196303825 1.0372933842961927 1.0691759186697942 1.1240770834551914 1.2151786200054708 1.3607919516750213 1.584863234868432 1.9166131985961883 2.3888304803684886 3.034426937757689 3.8811362834000747 4.944699154428475 6.221461910141279 7.681875231802826 9.266707446914161 10.887686821481743 12.433646132197513 13.782114197048916 14.814925173812924 15.43518238391496 15.582228775208932 15.241424531112997 14.446549409563485 13.274283975452812 11.832018183812444 
38.00 1.0004519433271004 1.0009771822250715 1.0020919687914034 1.0043775923898655 1.0089037137994532 1.0175589054642407 1.0335384672322574 1.0620148699667908 1.110983103177567 1.1922115608108521 1.322137220496694 1.5224317280658046 1.8198594055896082 2.24499368331693 2.829409900390105 3.6011776715877053 4.5788507673662 5.76465501117321 7.138093322476625 8.651553068935183 10.229533394351645 11.772683969752617 13.166960718673693 14.297019301166674 15.061786379159969 15.389334052275629 15.24803244484158 14.651585630705268 13.65684036635406 12.354852914491147 
38.00 1.0004519433271004 1.0009771822250715 1.0020919687914034 1.0043775923898655 1.0089037137994532 1.0175589054642407 1.0335384672322574 1.0620148699667908 1.110983103177567 1.1922115608108521 1.322137220496694 1.5224317280658046 1.8198594055896082 2.24499368331693 2.829409900390105 3.6011776715877053 4.5788507673662 5.76465501117321 7.138093322476625 8.651553068935183 10.229533394351645 11.772683969752617 13.166960718673693 14.297019301166674 15.061786379159969 15.389334052275629 15.24803244484158 14.651585630705268 13.65684036635406 12.354852914491147 
39.00 1.000423297641336 1.000905607531799 1.0019222980007143 1.0039944393418476 1.0080771808498332 1.015852369370349 1.030161398740575 1.0556033296980547 1.0992966422774848 1.17175182604561 1.2877239250671177 1.4668159118512896 1.7335060631128496 2.1162115636922216 2.645023315658077 3.3478978802911947 4.245393342749342 5.344463398427255 6.632295582863819 8.071558528396608 9.598549623755872 11.125479525369723 12.547456124521869 13.753734090320238 14.64170668325102 15.131243080532034 15.176608174464825 14.773509550354971 13.95976727864869 12.809461728843555 
39.00 1.000423297641336 1.000905607531799 1.0019222980007143 1.0039944393418476 1.0080771808498332 1.015852369370349 1.030161398740575 1.0556033296980547 1.0992966422774848 1.17175182604561 1.2877239250671177 1.4668159118512896 1.7335060631128496 2.1162115636922216 2.645023315658077 3.3478978802911947 4.245393342749342 5.344463398427255 6.632295582863819 8.071558528396608 9.598549623755872 11.125479525369723 12.547456124521869 13.753734090320238 14.64170668325102 15.131243080532034 15.176608174464825 14.773509550354971 13.95976727864869 12.809461728843555 
40.00 1.000395963650955 1.0008383467171513 1.0017648399902805 1.0036425329100276 1.0073245219434186 1.0143091703940028 1.0271244784627136 1.0498619422295792 1.0888628429134108 1.1535175109507154 1.2570718326507697 1.4172494819483594 1.6564088971794735 2.000890183357942 2.479208757983876 3.1188602462070047 3.94173981669365 4.958539001573058 6.162904843756263 7.526520877079158 8.996458834354275 10.496028614179451 11.929861086496054 13.193140565341643 14.183928056334258 14.816637763662428 15.034218081631582 14.816637763662428 14.183928056334258 13.193140565341643 
40.00 1.000395963650955 1.0008383467171513 1.0017648399902805 1.0036425329100276 1.0073245219434186 1.0143091703940028 1.0271244784627136 1.0498619422295792 1.0888628429134108 1.1535175109507154 1.2570718326507697 1.4172494819483594 1.6564088971794735 2.000890183357942 2.479208757983876 3.1188602462070047 3.94173981669365 4.958539001573058 6.162904843756263 7.526520877079158 8.996458834354275 10.496028614179451 11.929861086496054 13.193140565341643 14.183928056334258 14.816637763662428 15.034218081631582 14.816637763662428 14.183928056334258 13.193140565341643 
