0.00 1.00003 1.00003 1.00003 1.00003 1.00003 1.00003 1.00003 1.00003 1.00003 1.00003 200.0 1.00003 1.00003 1.00003 1.00003 1.00003 1.00003 1.00003 1.00003 1.00003 1.00003 1.00003 1.00003 1.00003 1.00003 1.00003 1.00003 1.00003 1.00003 1.00003 
0.00 2.0 2.0 2.0 2.0 2.0 2.0 2.0 2.0 2.0 2.0 400.0 2.0 2.0 2.0 2.0 2.0 2.0 2.0 2.0 2.0 2.0 2.0 2.0 2.0 2.0 2.0 2.0 2.0 2.0 2.0 
0.00 3.29371e-05 3.29371e-05 3.29371e-05 3.29371e-05 3.29371e-05 3.29371e-05 3.29371e-05 3.29371e-05 3.29371e-05 3.29371e-05 1.64691e-07 3.29371e-05 3.29371e-05 3.29371e-05 3.29371e-05 3.29371e-05 3.29371e-05 3.29371e-05 3.29371e-05 3.29371e-05 3.29371e-05 3.29371e-05 3.29371e-05 3.29371e-05 3.29371e-05 3.29371e-05 3.29371e-05 3.29371e-05 3.29371e-05 3.29371e-05 
1.00 1.00003 1.00003 1.00003 1.00004 1.00014 1.00115 1.01136 1.11544 2.17563 12.9756 122.992 48.3307 13.4886 3.9927 1.70269 1.16433 1.03842 1.009 1.00213 1.00052 1.00015 1.00006 1.00004 1.00003 1.00003 1.00003 1.00003 1.00003 1.00003 1.00003 
1.00 2.0 2.0 2.0 2.00002 2.00022 2.00222 2.02266 2.23081 4.35122 25.9512 245.984 96.6613 26.9771 7.98538 3.40534 2.3286 2.07677 2.01793 2.00419 2.00098 2.00023 2.00005 2.00001 2.0 2.0 2.0 2.0 2.0 2.0 2.0 
1.00 3.29371e-05 3.29371e-05 3.29371e-05 3.29368e-05 3.29335e-05 3.29005e-05 3.25682e-05 2.95294e-05 1.51396e-05 2.53847e-06 2.67808e-07 6.81518e-07 2.44194e-06 8.24961e-06 1.93448e-05 2.82894e-05 3.17196e-05 3.26444e-05 3.28683e-05 3.2921e-05 3.29334e-05 3.29362e-05 3.29369e-05 3.29371e-05 3.29371e-05 3.29371e-05 3.29371e-05 3.29371e-05 3.29371e-05 3.29371e-05 
2.00 1.00003 1.00003 1.00004 1.00008 1.00045 1.00374 1.03175 1.26182 3.04144 15.4137 82.5008 60.4146 28.4547 10.6902 3.99511 1.86448 1.23972 1.06475 1.01718 1.00451 1.00119 1.00033 1.00011 1.00005 1.00004 1.00003 1.00003 1.00003 1.00003 1.00003 
2.00 2.0 2.0 2.00001 2.00009 2.00084 2.00741 2.06344 2.52358 6.08286 30.8274 165.002 120.829 56.9092 21.3803 7.99019 3.72892 2.47937 2.12944 2.03429 2.00895 2.00231 2.00059 2.00015 2.00003 2.00001 2.0 2.0 2.0 2.0 2.0 
2.00 3.29371e-05 3.29371e-05 3.2937e-05 3.29356e-05 3.29232e-05 3.28156e-05 3.19246e-05 2.61038e-05 1.08298e-05 2.13695e-06 3.99247e-07 5.45202e-07 1.15757e-06 3.08117e-06 8.24464e-06 1.76662e-05 2.65691e-05 3.09351e-05 3.2382e-05 3.27903e-05 3.28992e-05 3.29273e-05 3.29345e-05 3.29365e-05 3.2937e-05 3.29371e-05 3.29371e-05 3.29371e-05 3.29371e-05 3.29371e-05 
3.00 1.00003 1.00003 1.00004 1.00015 1.00098 1.00739 1.0547 1.38284 3.45627 14.6846 59.1533 57.892 39.1319 19.3377 8.20605 3.51718 1.81724 1.25253 1.07529 1.02186 1.00622 1.00176 1.00051 1.00016 1.00006 1.00004 1.00003 1.00003 1.00003 1.00003 
3.00 2.0 2.0 2.00003 2.00023 2.00189 2.01472 2.10935 2.76563 6.91252 29.3692 118.307 115.784 78.2636 38.6752 16.412 7.03432 3.63444 2.50501 2.15053 2.04365 2.01239 2.00345 2.00095 2.00025 2.00007 2.00002 2.0 2.0 2.0 2.0 
3.00 3.29371e-05 3.29371e-05 3.29367e-05 3.29332e-05 3.29059e-05 3.26966e-05 3.12298e-05 2.38193e-05 9.52999e-06 2.24304e-06 5.56828e-07 5.68959e-07 8.41723e-07 1.70332e-06 4.0139e-06 9.36495e-06 1.81254e-05 2.62973e-05 3.06319e-05 3.22336e-05 3.27345e-05 3.28803e-05 3.29214e-05 3.29328e-05 3.29361e-05 3.29369e-05 3.29371e-05 3.29371e-05 3.29371e-05 3.29371e-05 
4.00 1.00003 1.00004 1.00006 1.00026 1.00166 1.01139 1.07498 1.45935 3.53458 12.9009 42.9672 53.0205 43.7544 27.1831 13.7344 6.31142 3.00106 1.70257 1.23428 1.07512 1.02335 1.0071 1.00213 1.00064 1.0002 1.00008 1.00004 1.00004 1.00003 1.00003 
4.00 2.0 2.00001 2.00006 2.00044 2.00325 2.02271 2.14989 2.91866 7.06915 25.8019 85.9347 106.041 87.5088 54.366 27.4686 12.6228 6.00209 3.4051 2.46851 2.15017 2.04665 2.01412 2.00419 2.00121 2.00035 2.0001 2.00002 2.00001 2.0 2.0 
4.00 3.29371e-05 3.2937e-05 3.29362e-05 3.29298e-05 3.28836e-05 3.25673e-05 3.06409e-05 2.25705e-05 9.31884e-06 2.55316e-06 7.6659e-07 6.21236e-07 7.52797e-07 1.21172e-06 2.39823e-06 5.21882e-06 1.09755e-05 1.93462e-05 2.66862e-05 3.06369e-05 3.21865e-05 3.27061e-05 3.28682e-05 3.2917e-05 3.29315e-05 3.29355e-05 3.29367e-05 3.2937e-05 3.29371e-05 3.29371e-05 
5.00 1.00003 1.00004 1.00008 1.00039 1.0024 1.01509 1.08988 1.49331 3.41405 10.9697 32.0406 46.9813 44.1233 32.8323 19.5686 10.0913 4.93463 2.55894 1.57845 1.20406 1.06916 1.02269 1.00727 1.00229 1.00072 1.00024 1.00009 1.00005 1.00004 1.00003 
5.00 2.0 2.00002 2.0001 2.0007 2.00473 2.03011 2.17971 2.98659 6.82809 21.9395 64.0814 93.9626 88.2466 65.6645 39.137 20.1824 9.86922 5.11785 3.15686 2.40807 2.13826 2.04533 2.01446 2.0045 2.00138 2.00041 2.00012 2.00004 2.00001 2.0 
5.00 3.29371e-05 3.2937e-05 3.29355e-05 3.29255e-05 3.28593e-05 3.24485e-05 3.02218e-05 2.20571e-05 9.64784e-06 3.00266e-06 1.02802e-06 7.01092e-07 7.46504e-07 1.00323e-06 1.68322e-06 3.26403e-06 6.67491e-06 1.28718e-05 2.08675e-05 2.7356e-05 3.08077e-05 3.22073e-05 3.27006e-05 3.2863e-05 3.29146e-05 3.29303e-05 3.29352e-05 3.29367e-05 3.2937e-05 3.29371e-05 
6.00 1.00003 1.00004 1.00011 1.00053 1.00311 1.01808 1.09882 1.49458 3.1963 9.22477 24.5909 40.3336 42.3575 36.0132 24.7749 14.4259 7.6037 3.93171 2.20424 1.4656 1.17151 1.06073 1.02082 1.00696 1.00228 1.00075 1.00026 1.0001 1.00005 1.00004 
6.00 2.0 2.00003 2.00015 2.00099 2.00615 2.0361 2.19758 2.98913 6.3926 18.4496 49.182 80.6672 84.7149 72.0264 49.5496 28.8515 15.2073 7.86337 4.40845 2.93116 2.34296 2.1214 2.04157 2.01383 2.0045 2.00143 2.00044 2.00014 2.00004 2.00001 
6.00 3.29371e-05 3.29369e-05 3.29347e-05 3.29209e-05 3.28361e-05 3.23531e-05 2.9976e-05 2.20384e-05 1.03051e-05 3.57063e-06 1.33945e-06 8.16645e-07 7.77625e-07 9.14615e-07 1.3295e-06 2.28327e-06 4.33186e-06 8.37758e-06 1.49431e-05 2.24742e-05 2.81161e-05 3.10525e-05 3.22665e-05 3.27106e-05 3.28632e-05 3.29135e-05 3.29298e-05 3.2935e-05 3.29366e-05 3.2937e-05 
7.00 1.00003 1.00005 1.00013 1.00066 1.00372 1.02019 1.10238 1.47392 2.94377 7.74863 19.3219 33.7504 39.8392 36.9506 28.6916 18.7592 10.827 5.85408 3.19599 1.9269 1.36996 1.14103 1.05174 1.01838 1.00636 1.00217 1.00073 1.00025 1.0001 1.00005 
7.00 2.0 2.00004 2.00021 2.00127 2.00738 2.04031 2.2047 2.9478 5.88753 15.4973 38.6439 67.5008 79.6784 73.9012 57.383 37.5181 21.6539 11.7081 6.39193 3.85376 2.73986 2.282 2.10341 2.03669 2.01266 2.00426 2.0014 2.00045 2.00014 2.00004 
7.00 3.29371e-05 3.29366e-05 3.29338e-05 3.29164e-05 3.28161e-05 3.22865e-05 2.98792e-05 2.23474e-05 1.11891e-05 4.25084e-06 1.70471e-06 9.75936e-07 8.26779e-07 8.91412e-07 1.14801e-06 1.75584e-06 3.04222e-06 5.62654e-06 1.03061e-05 1.70939e-05 2.40433e-05 2.88671e-05 3.1318e-05 3.23437e-05 3.27299e-05 3.2867e-05 3.29141e-05 3.29299e-05 3.29348e-05 3.29366e-05 
8.00 1.00004 1.00005 1.00016 1.00079 1.0042 1.02139 1.10165 1.44025 2.69088 6.5324 15.4607 27.9965 36.6321 36.2773 31.1828 22.6344 14.3201 8.26563 4.60085 2.65265 1.7125 1.29168 1.11432 1.04319 1.01581 1.00564 1.00198 1.00069 1.00025 1.0001 
8.00 2.00001 2.00005 2.00027 2.00153 2.00833 2.04272 2.20325 2.88046 5.38176 13.0648 30.9214 55.993 73.2643 72.5546 62.3654 45.2686 28.6401 16.5312 9.20164 5.30525 3.42496 2.5833 2.22859 2.0863 2.03156 2.01122 2.00389 2.00132 2.00044 2.00013 
8.00 3.29371e-05 3.29365e-05 3.29329e-05 3.29122e-05 3.28006e-05 3.22484e-05 2.98989e-05 2.28698e-05 1.22407e-05 5.04228e-06 2.13045e-06 1.17651e-06 8.99161e-07 9.07956e-07 1.05629e-06 1.45523e-06 2.30014e-06 3.98496e-06 7.15916e-06 1.24171e-05 1.9234e-05 2.55003e-05 2.9559e-05 3.15746e-05 3.24255e-05 3.27534e-05 3.28732e-05 3.29156e-05 3.293e-05 3.2935e-05 
9.00 1.00004 1.00006 1.00019 1.0009 1.00452 1.0218 1.09782 1.40012 2.45478 5.54037 12.5499 23.1918 32.6667 35.0552 32.295 25.6804 17.7475 11.019 6.41148 3.68988 2.24874 1.54759 1.22884 1.09178 1.03554 1.01335 1.00489 1.00176 1.00064 1.00023 
9.00 2.00001 2.00006 2.00032 2.00174 2.00898 2.04353 2.19559 2.8002 4.90955 11.0807 25.0999 46.3837 65.3335 70.1104 64.5899 51.3606 35.495 22.0378 12.8229 7.37972 4.49743 3.09514 2.45764 2.18351 2.07101 2.02663 2.00972 2.00346 2.00121 2.00038 
9.00 3.2937e-05 3.29363e-05 3.2932e-05 3.29086e-05 3.27901e-05 3.22356e-05 3.00032e-05 2.35252e-05 1.3418e-05 5.94513e-06 2.62457e-06 1.42025e-06 1.00831e-06 9.3961e-07 1.01992e-06 1.28262e-06 1.85593e-06 2.98923e-06 5.13738e-06 8.92662e-06 1.46474e-05 2.12835e-05 2.68042e-05 3.01692e-05 3.18079e-05 3.25043e-05 3.27778e-05 3.28802e-05 3.29173e-05 3.29307e-05 
10.00 1.00004 1.00007 1.00022 1.00098 1.00469 1.02154 1.09195 1.35794 2.24271 4.7334 10.3079 19.2441 28.5808 33.2866 32.3032 27.7782 20.8263 13.9154 8.56263 5.05501 3.02067 1.9468 1.42102 1.17899 1.07319 1.02894 1.01112 1.00417 1.00154 1.00054 
10.00 2.00001 2.00007 2.00037 2.0019 2.00933 2.04303 2.18384 2.71584 4.48541 9.46677 20.6158 38.4884 57.1616 66.5732 64.6063 55.5563 41.6526 27.8306 17.1252 10.11 6.0413 3.89356 2.84199 2.35793 2.14633 2.05781 2.02216 2.00827 2.00302 2.00101 
10.00 3.2937e-05 3.2936e-05 3.29311e-05 3.29059e-05 3.27843e-05 3.22436e-05 3.01647e-05 2.4256e-05 1.46868e-05 6.95868e-06 3.19544e-06 1.7116e-06 1.15246e-06 9.89534e-07 1.01966e-06 1.18576e-06 1.58156e-06 2.36704e-06 3.84674e-06 6.51596e-06 1.09043e-05 1.69191e-05 2.31793e-05 2.79377e-05 3.06918e-05 3.20118e-05 3.25761e-05 3.28015e-05 3.28876e-05 3.29204e-05 
11.00 1.00004 1.00007 1.00023 1.00103 1.00474 1.02079 1.08488 1.3165 2.05657 4.07656 8.5528 16.0192 24.7439 30.9181 31.6084 28.9633 23.3601 16.7461 10.9422 6.72703 4.05364 2.52493 1.72001 1.32391 1.13972 1.05809 1.02339 1.00916 1.0035 1.00125 
11.00 2.00002 2.00008 2.00041 2.00201 2.00942 2.04153 2.1697 2.63295 4.11312 8.15309 17.1056 32.0386 49.4879 61.8361 63.2166 57.9265 46.7201 33.4921 21.8843 13.454 8.10726 5.04982 3.43999 2.64779 2.27938 2.11612 2.04671 2.01825 2.00695 2.00243 
11.00 3.2937e-05 3.2936e-05 3.29306e-05 3.29042e-05 3.27828e-05 3.22672e-05 3.03612e-05 2.50195e-05 1.60161e-05 8.07991e-06 3.85116e-06 2.05617e-06 1.33116e-06 1.06534e-06 1.04207e-06 1.13724e-06 1.41002e-06 1.96692e-06 3.01021e-06 4.89639e-06 8.12558e-06 1.30452e-05 1.915e-05 2.48794e-05 2.89004e-05 3.11298e-05 3.21855e-05 3.26392e-05 3.28233e-05 3.28971e-05 
12.00 1.00004 1.00007 1.00024 1.00106 1.00468 1.0197 1.07726 1.27743 1.89553 3.54082 7.16195 13.3874 21.2913 28.0765 30.5814 29.3024 25.2117 19.3162 13.4087 8.64841 5.34966 3.30906 2.15521 1.54897 1.24941 1.10893 1.04594 1.01879 1.00748 1.00276 
12.00 2.00002 2.00009 2.00044 2.00206 2.00929 2.03933 2.15446 2.55479 3.79102 7.08161 14.3239 26.775 42.5826 56.153 61.1627 58.6046 50.4232 38.6323 26.8174 17.2968 10.6993 6.61809 4.31039 3.09791 2.49878 2.2178 2.09182 2.03752 2.01491 2.00544 
12.00 3.2937e-05 3.2936e-05 3.29302e-05 3.29034e-05 3.27849e-05 3.2302e-05 3.0576e-05 2.57848e-05 1.73768e-05 9.30243e-06 4.59906e-06 2.46038e-06 1.54703e-06 1.17316e-06 1.07707e-06 1.12408e-06 1.30647e-06 1.70521e-06 2.45648e-06 3.80859e-06 6.15706e-06 9.95396e-06 1.52831e-05 2.12646e-05 2.63629e-05 2.97028e-05 3.14915e-05 3.23306e-05 3.26936e-05 3.28477e-05 
13.00 1.00004 1.00007 1.00025 1.00106 1.00452 1.01837 1.06954 1.24157 1.75747 3.10271 6.0493 11.2372 18.2577 25.131 29.1485 28.9652 26.3869 21.4931 15.8183 10.7332 6.88475 4.31225 2.7521 1.87796 1.41951 1.19222 1.08485 1.03624 1.01503 1.00574 
13.00 2.00002 2.0001 2.00045 2.00207 2.00899 2.03668 2.13903 2.48307 3.5149 6.2054 12.0986 22.4744 36.5155 50.2621 58.2969 57.9302 52.7736 42.9861 31.6365 21.4664 13.7695 8.62448 5.50418 3.75589 2.83899 2.38438 2.16965 2.07242 2.03 2.01142 
13.00 3.2937e-05 3.29358e-05 3.29299e-05 3.29032e-05 3.27899e-05 3.23441e-05 3.07965e-05 2.65296e-05 1.87418e-05 1.06159e-05 5.44496e-06 2.93119e-06 1.80407e-06 1.31066e-06 1.13002e-06 1.13717e-06 1.24828e-06 1.5325e-06 2.08229e-06 3.06881e-06 4.78422e-06 7.63828e-06 1.19684e-05 1.75394e-05 2.32039e-05 2.76276e-05 3.03619e-05 3.17863e-05 3.24505e-05 3.27502e-05 
14.00 1.00004 1.00008 1.00026 1.00105 1.00431 1.01692 1.06204 1.20927 1.63984 2.74348 5.15257 9.47666 15.6315 22.2754 27.1872 28.3544 26.916 23.1666 18.031 12.877 8.61045 5.52997 3.52817 2.33343 1.66909 1.32123 1.14827 1.06607 1.02853 1.01134 
14.00 2.00003 2.0001 2.00046 2.00204 2.00856 2.03378 2.12403 2.41849 3.27964 5.48694 10.3051 18.9533 31.263 44.5509 54.3744 56.7087 53.8317 46.3331 36.0618 25.754 17.2209 11.0599 7.05632 4.66684 3.33815 2.64241 2.29648 2.13208 2.05699 2.02261 
14.00 3.29367e-05 3.29356e-05 3.29298e-05 3.29038e-05 3.2797e-05 3.23901e-05 3.1014e-05 2.72381e-05 2.00862e-05 1.2006e-05 6.39258e-06 3.47572e-06 2.10717e-06 1.47868e-06 1.21153e-06 1.16166e-06 1.22374e-06 1.4218e-06 1.82676e-06 2.55791e-06 3.82537e-06 5.95631e-06 9.33577e-06 1.41158e-05 1.97342e-05 2.493e-05 2.86852e-05 3.08968e-05 3.20246e-05 3.25689e-05 
15.00 1.00004 1.00008 1.00025 1.00101 1.00404 1.01542 1.05495 1.18058 1.54002 2.44815 4.4255 8.03175 13.3793 19.6075 24.9504 27.4348 26.8986 24.3145 19.9416 14.9719 10.4591 6.93891 4.48949 2.93372 2.0174 1.51113 1.24641 1.11447 1.05142 1.02127 
15.00 2.00003 2.0001 2.00046 2.00197 2.00804 2.03079 2.10985 2.3611 3.08001 4.89628 8.85097 16.0635 26.7585 39.2152 49.9008 54.8696 53.797 48.6289 39.883 29.9437 20.9181 13.8778 8.97896 5.86742 4.03477 3.02223 2.49276 2.22888 2.10278 2.04247 
15.00 3.29367e-05 3.29357e-05 3.29299e-05 3.2905e-05 3.28056e-05 3.24379e-05 3.12224e-05 2.79001e-05 2.13881e-05 1.34543e-05 7.44282e-06 4.101e-06 2.46188e-06 1.67987e-06 1.32015e-06 1.2006e-06 1.22453e-06 1.35467e-06 1.65174e-06 2.20001e-06 3.14925e-06 4.74689e-06 7.33674e-06 1.12275e-05 1.63271e-05 2.1797e-05 2.64266e-05 2.95551e-05 3.13273e-05 3.22521e-05 
16.00 1.00004 1.00008 1.00025 1.00097 1.00376 1.01394 1.04839 1.15533 1.45555 2.20477 3.83307 6.84299 11.4597 17.175 22.6369 26.1307 26.5026 24.9662 21.4827 16.9193 12.3519 8.49872 5.62868 3.69012 2.48179 1.778 1.39128 1.18931 1.08841 1.03805 
16.00 2.00003 2.0001 2.00045 2.00188 2.00747 2.02782 2.09673 2.31062 2.91105 4.4095 7.66613 13.686 22.9193 34.3501 45.2738 52.2615 53.0051 49.9322 42.9653 33.8385 24.7036 16.9974 11.2573 7.38022 4.96356 3.55596 2.78252 2.37857 2.17677 2.07603 
16.00 3.29367e-05 3.29357e-05 3.293e-05 3.29064e-05 3.28149e-05 3.24854e-05 3.14179e-05 2.85097e-05 2.26294e-05 1.49396e-05 8.59316e-06 4.81342e-06 2.87427e-06 1.9178e-06 1.45507e-06 1.26052e-06 1.24283e-06 1.31931e-06 1.53324e-06 1.94678e-06 2.66666e-06 3.87567e-06 5.85186e-06 8.92606e-06 1.3272e-05 1.85255e-05 2.36747e-05 2.76951e-05 3.02626e-05 3.17308e-05 
17.00 1.00004 1.00008 1.00024 1.00091 1.00345 1.0125 1.0424 1.13329 1.38418 2.00373 3.34837 5.86271 9.83019 14.9945 20.3604 24.4614 25.9095 25.1482 22.6023 18.6326 14.2064 10.1558 6.9246 4.60473 3.07557 2.13738 1.59609 1.30008 1.14558 1.06515 
17.00 2.00003 2.0001 2.00043 2.00178 2.00687 2.02496 2.08476 2.26654 2.76832 4.00744 6.69672 11.7254 19.6603 29.989 40.7208 48.9229 51.819 50.2963 45.2045 37.265 28.4126 20.3115 13.8491 9.20942 6.15111 4.27472 3.19215 2.60011 2.2911 2.13023 
17.00 3.29367e-05 3.29357e-05 3.29302e-05 3.29082e-05 3.28248e-05 3.25315e-05 3.15983e-05 2.90641e-05 2.37962e-05 1.64384e-05 9.83708e-06 5.61825e-06 3.35072e-06 2.19669e-06 1.61776e-06 1.34654e-06 1.27128e-06 1.30976e-06 1.45729e-06 1.76778e-06 2.31855e-06 3.24329e-06 4.75669e-06 7.15313e-06 1.07096e-05 1.54106e-05 2.06368e-05 2.53354e-05 2.87525e-05 3.09235e-05 
18.00 1.00004 1.00008 1.00023 1.00085 1.00315 1.01115 1.03701 1.11416 1.32396 1.83735 2.95041 5.05261 8.45072 13.0636 18.1905 22.6153 25.0526 24.9366 23.3143 20.0579 15.9472 11.8487 8.34375 5.66926 3.80603 2.60272 1.87432 1.45751 1.23036 1.10713 
18.00 2.00003 2.0001 2.00041 2.00166 2.00627 2.02226 2.07398 2.22826 2.64788 3.67467 5.9008 10.1052 16.9014 26.1271 36.381 45.2307 50.1052 49.8732 46.6285 40.1157 31.8943 23.6973 16.6874 11.3385 7.61202 5.20541 3.74861 2.91497 2.46067 2.2142 
18.00 3.29367e-05 3.29357e-05 3.29305e-05 3.29101e-05 3.28347e-05 3.2575e-05 3.17627e-05 2.95634e-05 2.48785e-05 1.7927e-05 1.11639e-05 6.51905e-06 3.89768e-06 2.52138e-06 1.81074e-06 1.45646e-06 1.31476e-06 1.32088e-06 1.41279e-06 1.64215e-06 2.06545e-06 2.7799e-06 3.94765e-06 5.80997e-06 8.65422e-06 1.26553e-05 1.75734e-05 2.2599e-05 2.67711e-05 2.97509e-05 
19.00 1.00004 1.00007 1.00022 1.00079 1.00286 1.00989 1.0322 1.09761 1.27319 1.69939 2.62269 4.38182 7.28501 11.3692 16.1684 20.7087 23.8296 24.5536 23.6356 21.1463 17.5043 13.5127 9.84287 6.86503 4.67304 3.1838 2.23858 1.673 1.35141 1.16971 
19.00 2.00003 2.0001 2.00039 2.00154 2.00568 2.01974 2.06435 2.19518 2.54632 3.39874 5.24536 8.76361 14.57 22.7382 32.3367 41.4175 47.6592 49.1073 47.2711 42.2924 35.0086 27.0254 19.6856 13.73 9.34605 6.36757 4.47714 3.34597 2.70277 2.33936 
19.00 3.29367e-05 3.29358e-05 3.29309e-05 3.29121e-05 3.28443e-05 3.26155e-05 3.19108e-05 3.00089e-05 2.58707e-05 1.93823e-05 1.25589e-05 7.51702e-06 4.52137e-06 2.89716e-06 2.0372e-06 1.59055e-06 1.38224e-06 1.34148e-06 1.39359e-06 1.55764e-06 1.88172e-06 2.43757e-06 3.3464e-06 4.79797e-06 7.04856e-06 1.03456e-05 1.47139e-05 1.96881e-05 2.43732e-05 2.81593e-05 
20.00 1.00004 1.00007 1.00021 1.00073 1.00258 1.00874 1.02793 1.08336 1.23039 1.5848 2.35211 3.82537 6.3011 9.8924 14.3153 18.8167 22.3704 23.9665 23.6169 21.8928 18.8277 15.0863 11.3725 8.16398 5.66833 3.88531 2.69943 1.95789 1.51822 1.2597 
20.00 2.00003 2.0001 2.00037 2.00141 2.00511 2.01743 2.05582 2.16668 2.46073 3.16955 4.7042 7.65072 12.6022 19.7847 28.6306 37.6333 44.7408 47.9332 47.2337 43.7855 37.6553 30.1726 22.7449 16.3279 11.3366 7.77059 5.39882 3.91576 3.0364 2.51935 
20.00 3.29368e-05 3.29358e-05 3.29313e-05 3.29141e-05 3.28535e-05 3.26529e-05 3.20431e-05 3.04037e-05 2.67706e-05 2.07839e-05 1.40037e-05 8.61046e-06 5.22738e-06 3.32965e-06 2.3009e-06 1.75048e-06 1.4724e-06 1.37434e-06 1.39469e-06 1.50452e-06 1.74946e-06 2.18332e-06 2.8963e-06 4.03458e-06 5.81092e-06 8.47762e-06 1.22019e-05 1.68233e-05 2.16952e-05 2.61476e-05 
21.00 1.00004 1.00007 1.0002 1.00067 1.00232 1.00769 1.02417 1.07112 1.19432 1.48947 2.1282 3.36302 5.47123 8.61205 12.6388 16.9907 20.79 23.111 23.3525 22.3178 19.8868 16.5162 12.8812 9.53066 6.77548 4.70589 3.2641 2.3225 1.74064 1.38486 
21.00 2.00003 2.00009 2.00035 2.00129 2.00458 2.01533 2.0483 2.14219 2.3886 2.9789 4.25637 6.72602 10.9425 17.224 25.2776 33.9813 41.5801 46.2222 46.705 44.6355 39.7735 33.0325 25.7624 19.0613 13.5509 9.41174 6.52817 4.64496 3.48124 2.76967 
21.00 3.29368e-05 3.29358e-05 3.29316e-05 3.29161e-05 3.28621e-05 3.26867e-05 3.21607e-05 3.07512e-05 2.7579e-05 2.2114e-05 1.5477e-05 9.79423e-06 6.02026e-06 3.82467e-06 2.60611e-06 1.9386e-06 1.58433e-06 1.42522e-06 1.41048e-06 1.47587e-06 1.65629e-06 1.99429e-06 2.55707e-06 3.45603e-06 4.86138e-06 6.99936e-06 1.00911e-05 1.41822e-05 1.8923e-05 2.37845e-05 
22.00 1.00004 1.00007 1.00019 1.00061 1.00207 1.00675 1.02088 1.06062 1.16393 1.41006 1.94253 2.97828 4.7716 7.50652 11.1372 15.2646 19.1625 21.98 22.9538 22.4344 20.6549 17.7561 14.3188 10.9249 7.97091 5.63765 3.93559 2.77514 2.02819 1.55356 
22.00 2.00003 2.00009 2.00032 2.00117 2.00408 2.01344 2.04171 2.1212 2.32782 2.82009 3.88503 5.95654 9.54321 15.013 22.2744 30.5291 38.325 43.9601 45.9076 44.8687 41.3098 35.5121 28.6376 21.8497 15.9418 11.2753 7.87115 5.55026 4.05635 3.10706 
22.00 3.29368e-05 3.29359e-05 3.2932e-05 3.2918e-05 3.28703e-05 3.27175e-05 3.22646e-05 3.10555e-05 2.82991e-05 2.33594e-05 1.69564e-05 1.10595e-05 6.90298e-06 4.38795e-06 2.95749e-06 2.15782e-06 1.71889e-06 1.49856e-06 1.43498e-06 1.4682e-06 1.59469e-06 1.85504e-06 2.30034e-06 3.01497e-06 4.1323e-06 5.84254e-06 8.36932e-06 1.1869e-05 1.62402e-05 2.12018e-05 
23.00 1.00004 1.00007 1.00018 1.00056 1.00184 1.0059 1.018 1.05164 1.13833 1.34383 1.78829 2.65768 4.18189 6.55499 9.80293 13.6589 17.541 20.686 22.3671 22.2855 21.1442 18.7791 15.6415 12.3048 9.22528 6.66634 4.71189 3.3213 2.38936 1.77436 
23.00 2.00003 2.00008 2.0003 2.00106 2.00362 2.01175 2.03596 2.10324 2.27661 2.68762 3.57656 5.31535 8.36379 13.11 19.6058 27.3177 35.082 41.3721 44.7341 44.571 42.2883 37.5581 31.2829 24.6095 18.4505 13.3326 9.42376 6.64258 4.77869 3.54867 
23.00 3.29368e-05 3.29359e-05 3.29323e-05 3.29198e-05 3.28778e-05 3.27451e-05 3.23557e-05 3.13208e-05 2.89357e-05 2.45107e-05 1.84188e-05 1.23936e-05 7.87638e-06 5.0249e-06 3.36004e-06 2.41149e-06 1.87778e-06 1.59229e-06 1.47262e-06 1.47801e-06 1.55779e-06 1.75398e-06 2.10583e-06 2.67686e-06 3.57043e-06 4.94098e-06 6.99044e-06 9.91725e-06 1.37853e-05 1.85634e-05 
24.00 1.00004 1.00007 1.00017 1.0005 1.00163 1.00515 1.0155 1.04397 1.11675 1.28852 1.65997 2.3902 3.68489 5.7381 8.62497 12.1839 15.9645 19.3024 21.5104 22.0163 21.3651 19.5581 16.8088 13.6287 10.5054 7.77194 5.58574 3.96282 2.83082 2.05549 
24.00 2.00003 2.00008 2.00027 2.00095 2.0032 2.01025 2.03095 2.08789 2.23346 2.577 3.31991 4.78039 7.36976 11.4762 17.2499 24.3678 31.9289 38.6048 43.0207 44.0326 42.7301 39.1161 33.6174 27.2572 21.0107 15.5438 11.1714 7.9256 5.6616 4.11094 
24.00 3.29368e-05 3.29359e-05 3.29327e-05 3.29216e-05 3.28847e-05 3.27695e-05 3.24355e-05 3.1551e-05 2.94947e-05 2.55628e-05 1.98426e-05 1.37805e-05 8.93873e-06 5.74026e-06 3.81894e-06 2.70341e-06 2.06322e-06 1.70643e-06 1.53127e-06 1.49608e-06 1.54169e-06 1.68412e-06 1.95959e-06 2.41683e-06 3.13537e-06 4.23809e-06 5.89684e-06 8.31182e-06 1.16356e-05 1.60245e-05 
25.00 1.00004 1.00007 1.00016 1.00046 1.00144 1.00448 1.01333 1.03742 1.09856 1.24228 1.55305 2.16678 3.26598 5.03821 7.59046 10.8429 14.4601 17.8809 20.4619 21.5994 21.3483 20.0927 17.7927 14.8584 11.7761 8.92985 6.5447 4.6974 3.35672 2.40423 
25.00 2.00003 2.00007 2.00025 2.00085 2.00282 2.00892 2.02661 2.07479 2.19708 2.48453 3.10606 4.33355 6.53195 10.0764 15.1809 21.6858 28.9201 35.7618 40.9238 43.1988 42.6966 40.1853 35.5853 29.7166 23.5521 17.8596 13.0893 9.39475 6.71341 4.80844 
25.00 3.29368e-05 3.2936e-05 3.2933e-05 3.29232e-05 3.28909e-05 3.27912e-05 3.25049e-05 3.17501e-05 2.9983e-05 2.65142e-05 2.12088e-05 1.52014e-05 1.00852e-05 6.53768e-06 4.33942e-06 3.03777e-06 2.27787e-06 1.84209e-06 1.60973e-06 1.52496e-06 1.54289e-06 1.63931e-06 1.85122e-06 2.21681e-06 2.79703e-06 3.68855e-06 5.0328e-06 7.01201e-06 9.81262e-06 1.37001e-05 
26.00 1.00004 1.00007 1.00015 1.00041 1.00127 1.0039 1.01145 1.03184 1.08323 1.2036 1.46385 1.97997 2.91287 4.43953 6.68587 9.63386 13.0459 16.4615 19.2955 20.9821 21.1555 20.3975 18.5771 15.9618 13.0029 10.1122 7.57168 5.51843 3.96818 2.82633 
26.00 2.00003 2.00007 2.00022 2.00076 2.00248 2.00774 2.02285 2.06362 2.16641 2.40716 2.92765 3.95992 5.82572 8.87904 13.3717 19.2677 26.0917 32.923 38.5909 41.9643 42.3111 40.795 37.1541 31.9234 26.0056 20.2242 15.1433 11.0368 7.93632 5.65263 
26.00 3.29368e-05 3.2936e-05 3.29333e-05 3.29247e-05 3.28963e-05 3.28103e-05 3.25653e-05 3.19219e-05 3.04074e-05 2.73664e-05 2.25012e-05 1.66357e-05 1.13078e-05 7.41931e-06 4.92654e-06 3.41901e-06 2.5248e-06 2.00092e-06 1.70704e-06 1.56982e-06 1.55695e-06 1.61481e-06 1.77305e-06 2.06357e-06 2.53315e-06 3.25729e-06 4.35018e-06 5.96877e-06 8.30058e-06 1.16541e-05 
27.00 1.00004 1.00006 1.00014 1.00037 1.00112 1.00339 1.00983 1.02708 1.0703 1.1712 1.38933 1.82362 2.61517 3.9281 5.89774 8.55138 11.7325 15.0746 18.0608 20.1501 20.8635 20.4799 19.1457 16.9108 14.153 11.2895 8.64583 6.41505 4.66286 3.3254 
27.00 2.00003 2.00006 2.0002 2.00067 2.00218 2.00671 2.0196 2.0541 2.14055 2.34235 2.77863 3.64721 5.23031 7.85619 11.7954 17.1027 23.4649 30.1491 36.1215 40.3003 41.7271 40.9599 38.2913 33.8214 28.3058 22.5788 17.2915 12.83 9.32567 6.65077 
27.00 3.29368e-05 3.29362e-05 3.29337e-05 3.29259e-05 3.29013e-05 3.2827e-05 3.26176e-05 3.20699e-05 3.07747e-05 2.81236e-05 2.37079e-05 1.8062e-05 1.25951e-05 8.38527e-06 5.58489e-06 3.8518e-06 2.80744e-06 2.18502e-06 1.82374e-06 1.63464e-06 1.57875e-06 1.60832e-06 1.7204e-06 1.94776e-06 2.32729e-06 2.9176e-06 3.80972e-06 5.13452e-06 7.06396e-06 9.90502e-06 
28.00 1.00004 1.00006 1.00012 1.00033 1.00099 1.00293 1.00843 1.02302 1.0594 1.14404 1.32703 1.69264 2.36413 3.49169 5.21314 7.5879 10.5249 13.7424 16.7963 19.1783 20.4289 20.3676 19.5083 17.6903 15.1987 12.4325 9.74357 7.37261 5.43482 3.90251 
28.00 2.00003 2.00006 2.00018 2.0006 2.00191 2.00581 2.0168 2.04599 2.11874 2.28803 2.65402 3.38525 4.72823 6.98335 10.4262 15.1757 21.0497 27.4846 33.5925 38.3566 40.8579 40.7354 39.0165 35.3804 30.3971 24.8648 19.487 14.7451 10.8696 7.80499 
28.00 3.29368e-05 3.29362e-05 3.29342e-05 3.29272e-05 3.29057e-05 3.28418e-05 3.26628e-05 3.21969e-05 3.10915e-05 2.87912e-05 2.4821e-05 1.94597e-05 1.39325e-05 9.43332e-06 6.31831e-06 4.34089e-06 3.12956e-06 2.39684e-06 1.96104e-06 1.71747e-06 1.61233e-06 1.61718e-06 1.68842e-06 1.86194e-06 2.16718e-06 2.64937e-06 3.38051e-06 4.46765e-06 6.06059e-06 8.44026e-06 
29.00 1.00004 1.00006 1.00011 1.0003 1.00086 1.00254 1.00723 1.01958 1.05019 1.12125 1.27488 1.58283 2.1524 3.1196 4.61999 6.73456 9.42388 12.4803 15.5327 18.1162 19.7852 20.1649 19.6719 18.283 16.1142 13.5129 10.8399 8.37327 6.27464 4.55583 
29.00 2.00003 2.00005 2.00016 2.00053 2.00167 2.00502 2.01439 2.03909 2.10034 2.24246 2.54972 3.16562 4.30476 6.23916 9.23992 13.469 18.8477 24.9605 31.0654 36.2323 39.5706 40.33 39.3438 36.5658 32.2281 27.0256 21.6796 16.7464 12.5492 9.11162 
29.00 3.29368e-05 3.29363e-05 3.29344e-05 3.29284e-05 3.29098e-05 3.28548e-05 3.27019e-05 3.23058e-05 3.1364e-05 2.93763e-05 2.58364e-05 2.08097e-05 1.5303e-05 1.05585e-05 7.1295e-06 4.89092e-06 3.49519e-06 2.63922e-06 2.12057e-06 1.81817e-06 1.66479e-06 1.63344e-06 1.67438e-06 1.80158e-06 2.04405e-06 2.43754e-06 3.03862e-06 3.93374e-06 5.24942e-06 7.22991e-06 
30.00 1.00004 1.00006 1.00011 1.00026 1.00076 1.0022 1.00619 1.01664 1.04243 1.10212 1.23119 1.49069 1.97376 2.80258 4.10719 5.98198 8.42722 11.2985 14.2942 17.0002 18.9846 19.8488 19.6573 18.69 16.8822 14.5054 11.9094 9.39688 7.16971 5.28049 
30.00 2.00002 2.00005 2.00014 2.00047 2.00146 2.00434 2.01232 2.03322 2.08481 2.2042 2.46234 2.98135 3.9475 5.60512 8.21433 11.9639 16.8544 22.5969 28.5884 34.0004 37.9692 39.6979 39.3147 37.3798 33.7641 29.0105 23.8186 18.7936 14.3393 10.5609 
30.00 3.29368e-05 3.29363e-05 3.29347e-05 3.29295e-05 3.29133e-05 3.28659e-05 3.27356e-05 3.23991e-05 3.15976e-05 2.98862e-05 2.67532e-05 2.20959e-05 1.6688e-05 1.17528e-05 8.01964e-06 5.50624e-06 3.90855e-06 2.91528e-06 2.3043e-06 1.93752e-06 1.735e-06 1.65945e-06 1.67562e-06 1.76235e-06 1.95106e-06 2.27076e-06 2.76573e-06 3.50523e-06 4.59408e-06 6.23772e-06 
31.00 1.00004 1.00006 1.0001 1.00024 1.00066 1.0019 1.0053 1.01415 1.03588 1.08606 1.19455 1.41333 1.82302 2.53264 3.66468 5.32067 7.53054 10.2025 13.099 15.8604 18.0781 19.376 19.5086 18.9223 17.493 15.3889 12.9278 10.4219 8.10473 6.06864 
31.00 2.00002 2.00004 2.00013 2.00041 2.00127 2.00374 2.01054 2.02823 2.0717 2.17206 2.38907 2.82663 3.64602 5.06524 7.32932 10.6413 15.061 20.4049 26.198 31.7208 36.1561 38.7521 39.0173 37.8444 34.9859 30.7776 25.8554 20.8436 16.2093 12.1372 
31.00 3.29368e-05 3.29363e-05 3.2935e-05 3.29304e-05 3.29165e-05 3.28757e-05 3.27645e-05 3.24787e-05 3.17974e-05 3.03283e-05 2.75736e-05 2.33054e-05 1.80679e-05 1.30055e-05 8.98802e-06 6.19061e-06 4.37395e-06 3.22845e-06 2.51455e-06 2.07676e-06 1.822e-06 1.69995e-06 1.6884e-06 1.74071e-06 1.88293e-06 2.14038e-06 2.54785e-06 3.16048e-06 4.06407e-06 5.42761e-06 
32.00 1.00004 1.00005 1.00009 1.00021 1.00058 1.00164 1.00454 1.01203 1.03035 1.07255 1.16382 1.34833 1.69579 2.3029 3.28343 4.74138 6.72803 9.19446 11.9604 14.7213 17.1007 18.7304 19.2826 18.9844 17.9357 16.1449 13.8726 11.4264 9.06241 6.90962 
32.00 2.00002 2.00004 2.00012 2.00036 2.0011 2.00322 2.00901 2.02399 2.06063 2.14505 2.32759 2.69663 3.39154 4.60575 6.56682 9.48273 13.456 18.3888 23.9208 29.4425 34.2013 37.461 38.5653 37.9687 35.8713 32.2897 27.745 22.8527 18.1247 13.8191 
32.00 3.29368e-05 3.29365e-05 3.29351e-05 3.29312e-05 3.29191e-05 3.28842e-05 3.27894e-05 3.25467e-05 3.1968e-05 3.07102e-05 2.83019e-05 2.44288e-05 1.94235e-05 1.43029e-05 1.00317e-05 6.94697e-06 4.89567e-06 3.5824e-06 2.75393e-06 2.23746e-06 1.92613e-06 1.75854e-06 1.70818e-06 1.73502e-06 1.83646e-06 2.04016e-06 2.37434e-06 2.88263e-06 3.6346e-06 4.76701e-06 
33.00 1.00004 1.00005 1.00009 1.00019 1.00051 1.00142 1.00389 1.01023 1.02568 1.06119 1.13801 1.29369 1.58836 2.10744 2.9554 4.23533 6.01311 8.27389 10.8875 13.6024 16.0807 17.9657 18.9437 18.8957 18.2183 16.7642 14.725 12.3893 10.0242 7.79038 
33.00 2.00002 2.00004 2.00011 2.00032 2.00096 2.00277 2.0077 2.02038 2.05128 2.12233 2.27597 2.58733 3.17668 4.21484 5.91077 8.47063 12.0262 16.5477 21.7749 27.2047 32.1613 35.9315 37.8876 37.7914 36.4364 33.5282 29.4497 24.7785 20.0483 15.5806 
33.00 3.29368e-05 3.29365e-05 3.29354e-05 3.29319e-05 3.29214e-05 3.28915e-05 3.28107e-05 3.26047e-05 3.21136e-05 3.10388e-05 2.89438e-05 2.54607e-05 2.07372e-05 1.56295e-05 1.11451e-05 7.77701e-06 5.47773e-06 3.98098e-06 3.02533e-06 2.4215e-06 2.04831e-06 1.83339e-06 1.73874e-06 1.74316e-06 1.80798e-06 1.9648e-06 2.2369e-06 2.65859e-06 3.28587e-06 4.22806e-06 
34.00 1.00004 1.00005 1.00008 1.00017 1.00045 1.00123 1.00332 1.0087 1.02173 1.05164 1.11632 1.24772 1.49763 1.9412 2.67351 3.79432 5.37875 7.43841 9.88574 12.519 15.0419 17.1172 18.4369 18.7358 18.3457 17.2347 15.4673 13.2905 10.9711 8.69602 
34.00 2.00002 2.00004 2.0001 2.00028 2.00083 2.00239 2.00658 2.01732 2.04338 2.10321 2.23259 2.49539 2.99523 3.88237 5.34698 7.58861 10.7575 14.8768 19.7714 25.0379 30.0838 34.2345 36.8739 37.4716 36.6912 34.4692 30.9344 26.5809 21.942 17.3919 
34.00 3.29368e-05 3.29365e-05 3.29356e-05 3.29325e-05 3.29234e-05 3.28978e-05 3.28291e-05 3.26542e-05 3.22376e-05 3.13209e-05 2.95061e-05 2.63987e-05 2.19935e-05 1.6968e-05 1.23202e-05 8.68093e-06 6.12377e-06 4.42813e-06 3.33189e-06 2.63105e-06 2.18976e-06 1.92427e-06 1.78654e-06 1.75804e-06 1.79542e-06 1.91116e-06 2.12953e-06 2.47832e-06 3.00227e-06 3.78774e-06 
35.00 1.00004 1.00005 1.00008 1.00016 1.0004 1.00106 1.00285 1.00739 1.01839 1.04359 1.09809 1.20903 1.42099 1.79985 2.43151 3.41079 4.81785 6.68422 8.95792 11.4825 14.0042 16.2117 17.7993 18.4853 18.333 17.5579 16.0881 14.1122 11.8843 9.61028 
35.00 2.00002 2.00003 2.00009 2.00025 2.00072 2.00205 2.00562 2.01471 2.03671 2.08711 2.19611 2.41801 2.84194 3.59967 4.86298 6.82155 9.63569 13.3684 17.9158 22.9649 28.0083 32.4234 35.5987 36.9707 36.6659 35.1156 32.176 28.2243 23.7684 19.2204 
35.00 3.29368e-05 3.29366e-05 3.29357e-05 3.2933e-05 3.29252e-05 3.29032e-05 3.28447e-05 3.26965e-05 3.23433e-05 3.15623e-05 2.9996e-05 2.72435e-05 2.31798e-05 1.83005e-05 1.35464e-05 9.65707e-06 6.8367e-06 4.92776e-06 3.67699e-06 2.86856e-06 2.35203e-06 2.03176e-06 1.85053e-06 1.78186e-06 1.79666e-06 1.87598e-06 2.04736e-06 2.33402e-06 2.77157e-06 3.42739e-06 
36.00 1.00004 1.00005 1.00007 1.00014 1.00034 1.00092 1.00243 1.00629 1.01557 1.03681 1.08275 1.17645 1.35623 1.67969 2.22394 3.07786 4.32344 6.00666 8.10457 10.5009 12.9837 15.2718 17.0684 18.1078 18.2137 17.7425 16.5812 14.8399 12.7462 10.5163 
36.00 2.00002 2.00003 2.00008 2.00022 2.00063 2.00176 2.0048 2.0125 2.03107 2.07355 2.16543 2.35285 2.71242 3.35935 4.44784 6.1557 8.64687 12.0133 16.2091 21.0018 25.9672 30.5437 34.1369 36.2157 36.4273 35.4848 33.1622 29.6796 25.4922 21.0324 
36.00 3.29369e-05 3.29366e-05 3.29359e-05 3.29336e-05 3.29269e-05 3.2908e-05 3.28582e-05 3.27325e-05 3.24332e-05 3.17688e-05 3.04209e-05 2.79979e-05 2.42865e-05 1.96097e-05 1.48108e-05 1.07017e-05 7.61851e-06 5.48362e-06 4.06415e-06 3.1367e-06 2.5369e-06 2.15679e-06 1.92978e-06 1.81901e-06 1.80843e-06 1.85646e-06 1.98648e-06 2.21958e-06 2.58416e-06 3.13211e-06 
37.00 1.00004 1.00005 1.00007 1.00013 1.0003 1.00079 1.00208 1.00534 1.01319 1.0311 1.06984 1.149 1.3015 1.57756 2.04604 2.78934 3.88885 5.40048 7.32449 9.57955 11.9931 14.3171 16.27 17.5878 18.032 17.7914 16.9385 15.4605 13.5405 11.3972 
37.00 2.00002 2.00003 2.00007 2.00019 2.00055 2.00152 2.0041 2.01062 2.0263 2.06212 2.1396 2.29795 2.60295 3.15509 4.09205 5.57865 7.77768 10.8009 14.649 19.1591 23.9861 28.6342 32.54 35.1757 36.0639 35.5826 33.8769 30.9208 27.0809 22.7942 
37.00 3.29369e-05 3.29366e-05 3.29359e-05 3.29339e-05 3.29282e-05 3.29122e-05 3.28698e-05 3.27632e-05 3.25095e-05 3.19448e-05 3.07881e-05 2.86667e-05 2.53079e-05 2.08792e-05 1.60985e-05 1.18086e-05 8.46991e-06 6.09913e-06 4.49699e-06 3.43839e-06 2.74643e-06 2.30062e-06 2.02448e-06 1.87279e-06 1.82666e-06 1.85136e-06 1.94457e-06 2.13048e-06 2.43256e-06 2.89002e-06 
38.00 1.00004 1.00005 1.00007 1.00012 1.00027 1.00069 1.00178 1.00454 1.01117 1.02627 1.05895 1.12587 1.25523 1.49077 1.89368 2.53965 3.50776 4.86019 6.61527 8.72135 11.0423 13.3639 15.4253 16.9655 17.758 17.719 17.1667 15.9679 14.2539 12.2368 
38.00 2.00002 2.00003 2.00006 2.00017 2.00047 2.00131 2.0035 2.00902 2.02227 2.05248 2.11785 2.25168 2.51041 2.98149 3.78734 5.07928 7.0155 9.72034 13.2305 17.4427 22.0845 26.7278 30.8506 33.9311 35.5159 35.4378 34.3333 31.9357 28.5078 24.4735 
38.00 3.29369e-05 3.29366e-05 3.29359e-05 3.29342e-05 3.29293e-05 3.29156e-05 3.28796e-05 3.27892e-05 3.25744e-05 3.2095e-05 3.11044e-05 2.92557e-05 2.62407e-05 2.20948e-05 1.73937e-05 1.29696e-05 9.3901e-06 6.77715e-06 4.97912e-06 3.77673e-06 2.98292e-06 2.46471e-06 2.13533e-06 1.94148e-06 1.85484e-06 1.85892e-06 1.91872e-06 2.06277e-06 2.31081e-06 2.69173e-06 
39.00 1.00004 1.00005 1.00007 1.00011 1.00024 1.00059 1.00153 1.00387 1.00947 1.02221 1.04979 1.10636 1.21611 1.41702 1.76327 2.32386 3.17432 4.38023 5.97355 7.92739 10.1384 12.4258 14.553 16.2674 17.3453 17.5886 17.2696 16.3534 14.8737 13.0199 
39.00 2.00002 2.00003 2.00006 2.00015 2.00041 2.00112 2.00299 2.00767 2.01886 2.04435 2.09952 2.21266 2.43216 2.83398 3.52652 4.6477 6.34862 8.76044 11.9471 15.8548 20.2767 24.8515 29.106 32.5349 34.6905 35.177 34.539 32.7066 29.7474 26.0398 
39.00 3.29369e-05 3.29366e-05 3.2936e-05 3.29345e-05 3.29302e-05 3.29187e-05 3.2888e-05 3.28114e-05 3.26294e-05 3.22225e-05 3.1376e-05 2.97717e-05 2.70849e-05 2.32448e-05 1.86801e-05 1.41739e-05 1.03765e-05 7.51974e-06 5.51401e-06 4.15499e-06 3.24886e-06 2.6508e-06 2.26333e-06 2.0248e-06 1.89897e-06 1.8727e-06 1.9073e-06 2.01416e-06 2.21452e-06 2.52983e-06 
40.00 1.00004 1.00005 1.00006 1.0001 1.00021 1.00052 1.00131 1.00329 1.00802 1.01878 1.04207 1.0899 1.18302 1.35434 1.65172 2.13758 2.88315 3.95515 5.39542 7.19728 9.28626 11.5135 13.6691 15.5137 16.8218 17.3837 17.2585 16.6184 15.3918 13.7331 
40.00 2.00002 2.00003 2.00005 2.00013 2.00036 2.00096 2.00255 2.00652 2.01598 2.0375 2.08407 2.17975 2.36598 2.70864 3.3034 4.27513 5.76628 7.91028 10.7908 14.3946 18.5725 23.027 27.3382 31.0275 33.6435 34.7672 34.5169 33.2368 30.7835 27.4661 
40.00 3.29369e-05 3.29366e-05 3.29362e-05 3.29348e-05 3.29311e-05 3.29212e-05 3.28952e-05 3.28303e-05 3.26762e-05 3.2331e-05 3.16085e-05 3.02212e-05 2.78426e-05 2.43205e-05 1.99418e-05 1.54091e-05 1.14244e-05 8.32792e-06 6.10485e-06 4.57648e-06 3.54699e-06 2.86084e-06 2.40968e-06 2.12317e-06 1.95807e-06 1.89478e-06 1.90852e-06 1.98203e-06 2.13999e-06 2.39846e-06 
