  Number of aqueous components: 2

  Aqueous components:
    u1 = ca+2 - so4-2
    u2 = cl-

  Aqueous variable activity species:
    1: ca+2
    2: cl-
    3: so4-2


  Aqueous component concentrations in the domain:
      1.00000E+00   1.00000E+00   1.00000E+00   1.00000E+00   1.00000E+00   1.00000E+00   1.00000E+00   1.00000E+00   1.00000E+00   1.00000E+00   2.00000E+02   1.00000E+00   1.00000E+00   1.00000E+00   1.00000E+00   1.00000E+00   1.00000E+00   1.00000E+00   1.00000E+00   1.00000E+00   1.00000E+00   1.00000E+00   1.00000E+00   1.00000E+00   1.00000E+00   1.00000E+00   1.00000E+00   1.00000E+00   1.00000E+00   1.00000E+00
      2.00000E+00   2.00000E+00   2.00000E+00   2.00000E+00   2.00000E+00   2.00000E+00   2.00000E+00   2.00000E+00   2.00000E+00   2.00000E+00   4.00000E+02   2.00000E+00   2.00000E+00   2.00000E+00   2.00000E+00   2.00000E+00   2.00000E+00   2.00000E+00   2.00000E+00   2.00000E+00   2.00000E+00   2.00000E+00   2.00000E+00   2.00000E+00   2.00000E+00   2.00000E+00   2.00000E+00   2.00000E+00   2.00000E+00   2.00000E+00

  Aqueous variable activity species concentrations in the domain:
      1.00003E+00   1.00003E+00   1.00003E+00   1.00003E+00   1.00003E+00   1.00003E+00   1.00003E+00   1.00003E+00   1.00003E+00   1.00003E+00   2.00000E+02   1.00003E+00   1.00003E+00   1.00003E+00   1.00003E+00   1.00003E+00   1.00003E+00   1.00003E+00   1.00003E+00   1.00003E+00   1.00003E+00   1.00003E+00   1.00003E+00   1.00003E+00   1.00003E+00   1.00003E+00   1.00003E+00   1.00003E+00   1.00003E+00   1.00003E+00
      2.00000E+00   2.00000E+00   2.00000E+00   2.00000E+00   2.00000E+00   2.00000E+00   2.00000E+00   2.00000E+00   2.00000E+00   2.00000E+00   4.00000E+02   2.00000E+00   2.00000E+00   2.00000E+00   2.00000E+00   2.00000E+00   2.00000E+00   2.00000E+00   2.00000E+00   2.00000E+00   2.00000E+00   2.00000E+00   2.00000E+00   2.00000E+00   2.00000E+00   2.00000E+00   2.00000E+00   2.00000E+00   2.00000E+00   2.00000E+00
      3.29371E-05   3.29371E-05   3.29371E-05   3.29371E-05   3.29371E-05   3.29371E-05   3.29371E-05   3.29371E-05   3.29371E-05   3.29371E-05   1.64691E-07   3.29371E-05   3.29371E-05   3.29371E-05   3.29371E-05   3.29371E-05   3.29371E-05   3.29371E-05   3.29371E-05   3.29371E-05   3.29371E-05   3.29371E-05   3.29371E-05   3.29371E-05   3.29371E-05   3.29371E-05   3.29371E-05   3.29371E-05   3.29371E-05   3.29371E-05

  Aqueous component concentrations of external waters: 
          entrada
      1.00000E+00
      2.00000E+00

  Aqueous variable activity species concentrations of external waters: 
          entrada
      1.00003E+00
      2.00000E+00
      3.29371E-05
